INFO_TYPES: robot_position	robot_led_status	robot_lifter_status	robot_heading	robot_speed_status	robot_task_id	robot_pheromone_map	chosen_door	waypoint
generation	genome	ave_time	tot_weight	fitness
0	[1, 0, 1, 0, 0, 1, 1, 0, 1]	19217.8	5	0.940705478221649
0	[1, 1, 1, 0, 0, 1, 0, 0, 1]	19856.4	5	0.9695912108589988
0	[1, 1, 0, 0, 0, 1, 1, 1, 1]	22107.8	6	1.0857142857142856
0	[0, 1, 0, 1, 0, 0, 0, 0, 1]	20074.4	3	0.9508805554083691
0	[1, 1, 1, 0, 0, 1, 1, 1, 1]	20620.2	7	1.032711531676603
0	[1, 0, 1, 0, 1, 1, 0, 0, 0]	19447.8	4	0.9368233319074198
0	[0, 0, 0, 1, 0, 1, 0, 1, 0]	18914.0	3	0.8983922933470152
0	[0, 0, 1, 0, 1, 0, 1, 1, 1]	19760.6	5	0.965257898634354
0	[0, 1, 0, 1, 1, 1, 1, 1, 1]	20878.2	7	1.044381620966356
0	[1, 1, 0, 0, 1, 1, 1, 0, 1]	21244.2	6	1.04665114962657
1	[0, 0, 0, 1, 0, 1, 0, 1, 0]	19953.0	3	1.0225273760480083
1	[1, 0, 1, 0, 1, 1, 0, 0, 0]	19723.0	4	1.0314322376482166
1	[1, 0, 1, 0, 0, 1, 1, 0, 1]	20445.2	5	1.0862709722235624
1	[0, 0, 1, 0, 1, 0, 0, 1, 1]	20729.8	4	1.08
1	[1, 0, 0, 1, 0, 1, 0, 1, 0]	5841.4	4	0.361787571515403
1	[0, 1, 0, 1, 0, 1, 0, 1, 0]	19188.0	4	1.005623980935658
1	[0, 0, 0, 1, 0, 1, 0, 1, 0]	18818.6	3	0.967804223870949
1	[0, 0, 1, 0, 1, 0, 1, 1, 0]	20181.6	4	1.0535549788227576
1	[1, 0, 1, 0, 1, 0, 0, 0, 1]	20319.6	4	1.0602120618626325
1	[1, 0, 1, 0, 0, 0, 1, 1, 1]	18395.8	5	0.9874084651082017
2	[1, 0, 0, 1, 0, 1, 0, 1, 0]	5853.2	4	0.33079482059763654
2	[0, 0, 0, 1, 0, 1, 0, 1, 0]	20181.4	3	0.9247219627569778
2	[1, 0, 1, 0, 0, 0, 1, 1, 1]	19718.0	5	0.9448664444311141
2	[0, 1, 0, 1, 1, 1, 0, 0, 0]	23338.6	4	1.08
2	[1, 0, 1, 0, 1, 1, 0, 1, 0]	20104.0	5	0.9614055684574053
2	[1, 0, 1, 0, 0, 0, 1, 1, 1]	19288.8	5	0.9264763096329686
2	[1, 0, 1, 0, 0, 0, 1, 1, 1]	18311.4	5	0.884597190919764
2	[1, 0, 0, 0, 0, 0, 1, 1, 1]	17820.6	4	0.843567651872863
2	[1, 0, 1, 1, 0, 1, 0, 1, 0]	6173.4	5	0.36451458099457557
2	[1, 0, 0, 0, 0, 0, 1, 1, 1]	16877.6	4	0.8031624861816904
3	[1, 0, 0, 1, 0, 1, 0, 1, 0]	7314.0	4	0.43693578761922114
3	[1, 0, 1, 1, 0, 1, 0, 1, 0]	7333.2	5	0.45457444869692
3	[1, 0, 0, 0, 0, 0, 1, 1, 1]	17082.0	4	0.9314379442318206
3	[1, 0, 0, 1, 0, 1, 0, 0, 0]	6736.8	3	0.3910485389709009
3	[1, 0, 0, 0, 0, 0, 0, 1, 0]	19553.4	2	1.0232185164935304
3	[1, 0, 0, 1, 0, 1, 1, 1, 0]	7349.8	5	0.4554148188647915
3	[1, 0, 0, 1, 0, 1, 0, 0, 0]	6092.8	3	0.358446226434198
3	[1, 0, 1, 0, 0, 1, 0, 1, 1]	19753.2	5	1.0833333333333333
3	[1, 0, 1, 1, 0, 0, 0, 1, 1]	6700.2	5	0.42252900795820425
3	[1, 0, 1, 1, 0, 1, 0, 1, 1]	5852.0	6	0.39625579652917
4	[1, 0, 0, 1, 0, 1, 0, 0, 0]	5778.8	3	0.3360678784998614
4	[1, 0, 0, 1, 0, 1, 0, 0, 0]	5886.4	3	0.34139440022177336
4	[1, 0, 1, 1, 0, 1, 0, 1, 1]	6337.8	6	0.4137400498990139
4	[1, 0, 0, 1, 0, 0, 0, 1, 0]	6808.0	3	0.38701635578788957
4	[0, 0, 1, 1, 0, 1, 0, 1, 1]	20200.8	5	1.0833333333333333
4	[1, 0, 1, 1, 0, 1, 0, 1, 1]	7403.8	6	0.46651023721832796
4	[1, 0, 1, 1, 0, 1, 0, 1, 1]	5997.6	6	0.39689913270761557
4	[1, 0, 1, 1, 0, 1, 0, 1, 0]	5992.6	5	0.3799849510910459
4	[1, 0, 1, 1, 0, 1, 0, 1, 1]	6948.8	6	0.44398637677715735
4	[1, 0, 0, 1, 0, 1, 0, 1, 1]	6048.0	5	0.3827274167359709
5	[1, 0, 0, 1, 0, 1, 0, 0, 0]	5850.2	3	0.8851942965748183
5	[1, 0, 0, 1, 0, 1, 0, 0, 0]	6945.2	3	1.042857142857143
5	[1, 0, 1, 1, 0, 1, 0, 1, 0]	6463.4	5	1.0020569190643487
5	[1, 0, 1, 1, 0, 1, 0, 1, 0]	6203.2	5	0.9645921952263022
5	[1, 1, 1, 1, 0, 1, 1, 0, 0]	6349.2	6	0.9998996223496598
5	[1, 0, 1, 1, 0, 1, 0, 1, 0]	5919.4	5	0.9237294410939517
5	[1, 0, 1, 1, 0, 1, 0, 0, 0]	6557.2	4	1.0012769353551476
5	[1, 0, 1, 1, 1, 1, 0, 1, 1]	6608.0	7	1.0514484824051145
5	[1, 0, 0, 1, 0, 1, 0, 0, 0]	6584.6	3	0.9909363918348542
5	[1, 0, 1, 1, 0, 1, 0, 1, 0]	6495.6	5	1.0066932146353906
6	[1, 0, 0, 1, 0, 1, 0, 0, 0]	5726.8	3	0.33727853739783864
6	[1, 0, 1, 1, 0, 1, 0, 1, 0]	5809.4	5	0.3812778401828253
6	[1, 0, 1, 1, 0, 1, 0, 1, 0]	5919.4	5	0.3866037882015726
6	[1, 1, 0, 1, 0, 1, 1, 0, 0]	6041.8	5	0.3925301158151606
6	[0, 1, 1, 1, 0, 1, 1, 0, 0]	20653.6	5	1.1
6	[1, 0, 0, 1, 0, 1, 0, 0, 0]	6023.8	3	0.3516585970484565
6	[1, 0, 0, 1, 0, 1, 0, 0, 1]	8223.6	4	0.47816787388155096
6	[1, 1, 0, 1, 0, 1, 0, 0, 0]	5882.2	4	0.3648026494170508
6	[1, 0, 1, 1, 0, 1, 1, 0, 0]	5949.2	5	0.3880466359375605
6	[1, 1, 1, 0, 0, 1, 0, 0, 1]	20332.6	5	1.0844579153271101
7	[1, 0, 0, 1, 0, 1, 0, 0, 0]	5917.2	3	0.3287730518359709
7	[1, 0, 0, 1, 0, 1, 0, 0, 0]	6016.4	3	0.333278947655299
7	[1, 1, 0, 1, 0, 1, 0, 0, 0]	6791.0	4	0.38846308980904454
7	[1, 0, 0, 1, 0, 1, 0, 0, 0]	5851.6	3	0.3257933465360926
7	[1, 0, 0, 1, 0, 1, 0, 1, 1]	5779.0	5	0.36249568487799566
7	[1, 1, 0, 1, 0, 1, 1, 0, 0]	6277.2	5	0.3851250931157907
7	[0, 1, 0, 1, 0, 1, 1, 0, 0]	22015.6	4	1.08
7	[1, 0, 0, 0, 0, 1, 0, 0, 0]	20338.0	2	0.96379948763604
7	[1, 0, 0, 1, 0, 1, 1, 1, 0]	7723.6	5	0.4508239611911554
7	[0, 1, 1, 1, 0, 1, 0, 1, 0]	20696.8	5	1.0400970221115937
8	[1, 0, 0, 1, 0, 1, 0, 0, 0]	5948.2	3	0.8564043816599334
8	[1, 0, 0, 1, 0, 1, 0, 0, 0]	5987.8	3	0.8617729996475151
8	[1, 0, 0, 1, 0, 1, 0, 0, 0]	5874.8	3	0.8464534584203249
8	[1, 0, 0, 1, 0, 1, 0, 1, 0]	6452.6	4	0.9414531420876152
8	[1, 0, 0, 1, 1, 1, 0, 0, 0]	5930.0	4	0.8706036531908933
8	[1, 0, 0, 1, 0, 1, 0, 1, 0]	5858.6	4	0.86092387227389
8	[1, 1, 0, 1, 0, 1, 1, 0, 1]	6302.8	6	0.9544779154578238
8	[1, 0, 0, 1, 1, 1, 0, 0, 0]	6067.0	4	0.889176902289345
8	[1, 0, 0, 1, 1, 1, 1, 1, 0]	7376.2	6	1.1
8	[1, 1, 0, 1, 0, 1, 1, 0, 0]	5857.8	5	0.8774820820115146
9	[1, 0, 0, 1, 0, 1, 0, 0, 0]	6020.4	3	0.36269951256809707
9	[1, 0, 0, 1, 0, 1, 0, 0, 0]	6614.8	3	0.3911043677721495
9	[1, 0, 0, 1, 0, 1, 0, 1, 0]	5756.8	4	0.3751027429991398
9	[1, 0, 0, 1, 0, 1, 0, 1, 0]	5845.4	4	0.3793367103125298
9	[1, 0, 0, 1, 0, 0, 0, 0, 0]	6755.6	2	0.3728328395297716
9	[1, 1, 0, 1, 0, 0, 1, 0, 0]	5959.4	4	0.38478447863901366
9	[1, 0, 0, 1, 0, 1, 0, 0, 0]	7001.4	3	0.409578992640734
9	[1, 0, 0, 1, 0, 1, 1, 0, 0]	6645.6	4	0.4175762209691294
9	[1, 0, 0, 1, 0, 1, 0, 1, 0]	5931.8	4	0.3834655452547071
9	[0, 1, 0, 1, 0, 0, 0, 0, 1]	20926.0	3	1.075
10	[1, 0, 0, 1, 0, 1, 0, 0, 0]	6044.0	3	0.36632000405453347
10	[1, 0, 0, 1, 0, 0, 0, 0, 0]	5944.6	2	0.34128224621154535
10	[1, 0, 0, 1, 0, 1, 0, 1, 0]	6318.0	4	0.40020678120723735
10	[0, 0, 0, 1, 0, 1, 0, 1, 1]	19731.0	4	1.08
10	[1, 1, 0, 0, 0, 0, 0, 0, 0]	19056.6	2	1.0058202828037097
10	[1, 0, 0, 1, 1, 1, 0, 1, 0]	7110.0	5	0.4603466626121332
10	[1, 0, 0, 1, 0, 0, 0, 0, 0]	5952.6	2	0.3416876995590695
10	[1, 0, 0, 1, 0, 1, 0, 0, 1]	5829.0	4	0.3754234453398206
10	[0, 0, 0, 1, 0, 0, 0, 1, 0]	19677.0	2	1.0372631899042117
10	[1, 1, 0, 0, 0, 0, 1, 0, 0]	18285.0	3	0.9867143074350007
11	[1, 0, 0, 1, 0, 0, 0, 0, 0]	5955.8	2	0.3393581048253882
11	[1, 0, 0, 1, 0, 0, 0, 0, 0]	6029.8	2	0.34295333968167596
11	[1, 0, 0, 1, 0, 1, 0, 0, 0]	5864.8	3	0.35993693763725054
11	[1, 0, 0, 1, 1, 0, 0, 0, 0]	7010.4	3	0.41559505995297047
11	[1, 0, 0, 1, 0, 0, 0, 0, 0]	5809.6	2	0.33225508677147914
11	[1, 0, 0, 1, 0, 0, 1, 1, 0]	7226.2	4	0.45107954214198265
11	[1, 0, 0, 1, 0, 1, 0, 1, 0]	6597.8	4	0.4205491964164254
11	[1, 0, 0, 1, 0, 0, 1, 0, 0]	7196.0	3	0.4246122976465787
11	[0, 0, 0, 1, 0, 1, 0, 0, 1]	20582.8	3	1.075
11	[1, 0, 0, 1, 0, 0, 0, 0, 0]	6242.0	2	0.35326291855335523
12	[1, 0, 0, 1, 0, 0, 0, 0, 0]	7349.2	2	0.38860731633272616
12	[1, 0, 0, 1, 0, 0, 0, 0, 0]	7002.4	2	0.37215695203400123
12	[1, 0, 0, 1, 0, 0, 0, 0, 0]	7266.2	2	0.3846702337583485
12	[1, 1, 1, 0, 0, 1, 0, 0, 0]	21081.6	4	1.08
12	[1, 0, 0, 1, 0, 1, 0, 0, 1]	6760.6	4	0.4006872343655131
12	[1, 0, 1, 1, 0, 0, 0, 1, 1]	6049.0	5	0.38693268063145114
12	[1, 0, 0, 1, 0, 1, 0, 0, 0]	5879.4	3	0.3388877504553734
12	[1, 0, 0, 1, 0, 1, 0, 0, 0]	6608.2	3	0.37345818154219795
12	[1, 0, 0, 1, 0, 0, 0, 0, 0]	5891.2	2	0.3194474802671524
12	[1, 0, 0, 1, 0, 0, 0, 0, 0]	6043.6	2	0.3266765330904675
13	[1, 0, 0, 1, 0, 0, 0, 0, 0]	5784.8	2	0.8299800447644473
13	[1, 0, 0, 1, 0, 0, 0, 0, 0]	7416.6	2	1.05
13	[1, 0, 0, 1, 0, 1, 0, 0, 0]	7005.4	3	1.0195568050049888
13	[1, 0, 0, 1, 0, 1, 0, 0, 0]	5986.4	3	0.88216231157134
13	[1, 0, 0, 1, 0, 1, 0, 0, 0]	5808.2	3	0.858135129304533
13	[1, 0, 0, 1, 0, 0, 0, 0, 1]	6892.6	3	1.0043476795297037
13	[1, 0, 0, 1, 0, 0, 1, 0, 0]	5741.6	3	0.8491552733058274
13	[1, 0, 0, 1, 0, 1, 1, 0, 0]	6128.6	4	0.9263355176226303
13	[1, 0, 0, 1, 0, 0, 0, 0, 0]	6211.0	2	0.8874457298492571
13	[1, 0, 0, 1, 0, 0, 0, 0, 0]	6950.4	2	0.9871410080090607
14	[1, 0, 0, 1, 0, 0, 0, 0, 0]	6501.6	2	0.36110789533470966
14	[1, 0, 0, 1, 0, 0, 1, 0, 0]	7062.6	3	0.40881515651392275
14	[1, 0, 0, 1, 0, 1, 0, 0, 0]	6452.0	3	0.37865819808963125
14	[1, 1, 0, 1, 0, 1, 1, 0, 0]	6194.4	5	0.40593557691357895
14	[1, 0, 0, 1, 0, 0, 0, 0, 0]	7163.2	2	0.3937836956843841
14	[1, 1, 0, 1, 0, 1, 0, 0, 0]	7636.4	4	0.45715459762734967
14	[1, 0, 0, 1, 0, 1, 0, 0, 1]	6874.4	4	0.4195201359186858
14	[1, 0, 0, 0, 0, 0, 1, 0, 0]	20247.4	2	1.04
14	[1, 0, 0, 1, 0, 0, 0, 0, 0]	8021.0	2	0.4361496290881792
14	[1, 0, 0, 1, 1, 1, 0, 0, 1]	6469.8	5	0.4195373233106473
15	[1, 0, 0, 1, 0, 0, 0, 0, 0]	7504.0	2	0.3683572636140676
15	[1, 0, 0, 1, 0, 1, 0, 0, 0]	6381.6	3	0.3349132080862919
15	[1, 0, 0, 1, 0, 0, 0, 0, 0]	6033.0	2	0.30268292973307614
15	[1, 0, 0, 1, 0, 0, 1, 0, 1]	7061.2	4	0.38192132771388426
15	[1, 0, 0, 1, 0, 1, 0, 0, 0]	6548.2	3	0.342351239374241
15	[1, 1, 0, 1, 0, 1, 1, 0, 0]	6842.6	5	0.38882836869300186
15	[1, 0, 0, 1, 1, 1, 1, 1, 0]	6088.8	6	0.3718408457746982
15	[1, 1, 0, 1, 1, 1, 0, 0, 0]	6121.4	5	0.35662964021239607
15	[0, 0, 0, 1, 0, 1, 0, 1, 0]	20544.0	3	0.9672083720265733
15	[0, 0, 0, 1, 0, 1, 0, 0, 0]	22398.4	2	1.0333333333333334
16	[1, 0, 0, 1, 0, 0, 0, 0, 0]	7759.4	2	0.3916046748823326
16	[1, 0, 0, 1, 0, 1, 0, 0, 0]	5863.6	3	0.3171930120053524
16	[1, 0, 0, 1, 0, 1, 0, 0, 0]	6517.2	3	0.34777250652668223
16	[1, 0, 0, 1, 0, 0, 0, 0, 0]	5954.4	2	0.3071554894309856
16	[1, 0, 0, 1, 0, 1, 0, 0, 0]	7260.6	3	0.382553406507032
16	[1, 0, 0, 1, 0, 1, 0, 0, 0]	6549.0	3	0.3492603093507004
16	[1, 1, 0, 0, 1, 1, 0, 0, 0]	21226.8	4	1.0502652780506976
16	[1, 1, 0, 1, 1, 1, 1, 1, 0]	6487.4	7	0.40352113335017636
16	[1, 1, 0, 0, 1, 1, 0, 0, 0]	21373.8	4	1.0571428571428572
16	[1, 0, 0, 1, 0, 1, 0, 0, 0]	6438.8	3	0.3441044643441971
17	[1, 0, 0, 1, 0, 0, 0, 0, 0]	6366.2	2	0.35578707067771154
17	[1, 0, 0, 1, 0, 1, 0, 0, 0]	5994.6	3	0.3722442232233687
17	[1, 0, 0, 1, 0, 1, 0, 0, 0]	6004.8	3	0.372707455311728
17	[1, 0, 0, 1, 0, 1, 0, 0, 0]	6036.4	3	0.37414256648742916
17	[1, 0, 0, 1, 0, 0, 0, 0, 0]	5895.0	2	0.33438756479193915
17	[1, 0, 0, 1, 0, 0, 0, 0, 0]	6591.2	2	0.3660054255679891
17	[1, 0, 0, 1, 0, 0, 1, 0, 0]	6441.8	3	0.39255377125417823
17	[0, 0, 0, 1, 0, 0, 1, 0, 1]	22019.2	3	1.1
17	[1, 0, 0, 1, 0, 0, 0, 0, 0]	6668.6	2	0.3695205396502446
17	[1, 0, 0, 1, 0, 1, 0, 0, 0]	6400.4	3	0.39067359395436707
18	[1, 0, 0, 1, 0, 0, 0, 0, 0]	6768.2	2	0.8989086294416244
18	[1, 0, 0, 1, 0, 0, 0, 0, 0]	6375.2	2	0.8490355329949238
18	[1, 0, 0, 1, 0, 0, 0, 0, 0]	7880.0	2	1.04
18	[1, 0, 0, 1, 0, 0, 0, 0, 0]	5793.0	2	0.7751522842639594
18	[1, 0, 0, 1, 0, 0, 0, 0, 0]	6564.2	2	0.873020304568528
18	[1, 0, 0, 1, 0, 1, 0, 0, 0]	6423.8	3	0.8752030456852793
18	[1, 0, 0, 1, 1, 1, 1, 0, 0]	6957.4	5	0.9829187817258882
18	[1, 0, 0, 1, 0, 0, 0, 0, 1]	5907.4	3	0.8096700507614212
18	[1, 0, 0, 1, 0, 0, 0, 0, 0]	5844.4	2	0.7816751269035533
18	[1, 0, 0, 1, 0, 0, 0, 0, 0]	6975.6	2	0.9252284263959392
19	[1, 0, 0, 1, 0, 0, 0, 0, 0]	6051.6	2	0.36379503453425427
19	[1, 0, 0, 1, 0, 0, 0, 0, 0]	5703.2	2	0.34572936759795075
19	[1, 0, 0, 1, 0, 0, 0, 0, 1]	6176.2	3	0.3952559475660092
19	[1, 0, 0, 1, 0, 0, 0, 0, 1]	7647.2	3	0.47153205566963263
19	[0, 1, 0, 1, 0, 0, 1, 0, 1]	19285.2	4	1.1
19	[1, 1, 0, 1, 0, 0, 1, 0, 0]	7020.8	4	0.4640511895132018
19	[1, 0, 0, 1, 0, 0, 0, 0, 1]	6881.4	3	0.4318228486092962
19	[1, 1, 0, 1, 0, 0, 1, 0, 0]	7280.0	4	0.4774915479227594
19	[1, 0, 0, 1, 0, 0, 1, 0, 1]	6779.8	4	0.4515545599734512
19	[1, 0, 0, 1, 1, 0, 0, 0, 1]	6567.6	4	0.440551303590318
