INFO_TYPES: robot_position	robot_led_status	robot_lifter_status	robot_heading	robot_speed_status	robot_task_id	robot_pheromone_map	chosen_door	waypoint
generation	genome	ave_time	tot_weight	fitness
0	[1, 1, 1, 1, 0, 1, 0, 0, 1]	13072.4	6	0.7795140984737432
0	[1, 0, 0, 1, 0, 0, 0, 0, 0]	13027.6	2	0.7270996809519703
0	[1, 1, 1, 1, 0, 1, 1, 0, 1]	13011.6	7	0.7887373889799086
0	[1, 1, 1, 1, 1, 1, 0, 1, 1]	12968.8	8	0.7989307579546433
0	[1, 1, 0, 1, 1, 0, 0, 0, 1]	13049.8	5	0.7657961110632059
0	[0, 0, 1, 1, 0, 0, 0, 0, 0]	16466.0	2	0.9124062257480383
0	[0, 0, 0, 0, 0, 1, 0, 1, 1]	18555.2	3	1.0375
0	[1, 1, 1, 1, 0, 0, 1, 1, 0]	12858.4	6	0.7679809433474174
0	[1, 1, 1, 0, 1, 1, 0, 1, 1]	15114.4	7	0.9020641114081228
0	[0, 1, 1, 0, 1, 0, 0, 0, 1]	14721.6	4	0.8433948434940071
1	[1, 0, 0, 1, 0, 0, 0, 0, 0]	12907.4	2	0.7814554884838539
1	[1, 1, 0, 1, 1, 0, 0, 0, 1]	13063.6	5	0.8281097989802497
1	[1, 1, 1, 1, 0, 0, 1, 1, 0]	13066.6	6	0.840785618003868
1	[1, 0, 0, 1, 1, 0, 0, 0, 1]	13200.4	4	0.8236271464572467
1	[1, 1, 0, 1, 1, 0, 0, 1, 1]	12844.6	6	0.8277750102561097
1	[0, 1, 0, 1, 0, 0, 1, 0, 0]	16463.6	3	1.0023713590810526
1	[1, 1, 1, 1, 1, 0, 0, 1, 1]	13053.2	7	0.852500293031706
1	[1, 1, 1, 1, 0, 1, 1, 0, 1]	12985.8	7	0.8485502256344136
1	[1, 1, 1, 1, 1, 1, 0, 1, 1]	12995.6	8	0.8616245677782336
1	[0, 1, 0, 1, 1, 0, 0, 0, 1]	17063.0	4	1.05
2	[1, 0, 0, 1, 0, 0, 0, 0, 0]	13076.6	2	1.0236864011975133
2	[1, 0, 0, 1, 1, 0, 0, 0, 1]	13093.8	4	1.05
2	[1, 1, 0, 1, 1, 0, 0, 1, 1]	12994.0	6	1.0673780720646413
2	[1, 1, 1, 1, 1, 0, 0, 0, 0]	12869.6	5	1.0453773923536331
2	[1, 1, 1, 1, 1, 1, 0, 1, 1]	12903.0	8	1.0854282179352062
2	[1, 1, 1, 1, 0, 1, 1, 0, 1]	12970.2	7	1.0780604179077122
2	[1, 1, 0, 1, 1, 0, 0, 0, 1]	13035.2	5	1.0580245994287374
2	[1, 0, 0, 1, 0, 0, 0, 0, 0]	13058.2	2	1.0222811559669462
2	[1, 0, 1, 1, 1, 0, 0, 0, 1]	13059.0	5	1.0598422535856664
2	[1, 1, 0, 1, 1, 0, 0, 1, 1]	12968.2	6	1.0654076738609113
3	[1, 0, 0, 1, 0, 0, 0, 0, 0]	12956.0	2	1.008112656097777
3	[1, 0, 0, 1, 0, 0, 0, 0, 0]	12988.4	2	1.0105622652187907
3	[1, 1, 1, 1, 1, 0, 0, 0, 0]	12861.2	5	1.0438024241193613
3	[1, 0, 0, 1, 0, 0, 0, 0, 0]	12952.8	2	1.007870719394467
3	[1, 0, 1, 1, 1, 0, 0, 0, 1]	12983.2	5	1.053026260933055
3	[1, 1, 1, 1, 1, 0, 1, 0, 1]	12904.0	7	1.075609756097561
3	[1, 1, 0, 1, 1, 0, 0, 0, 0]	13226.6	4	1.0571428571428572
3	[1, 1, 1, 1, 1, 0, 0, 0, 0]	12962.8	5	1.0514839144494534
3	[1, 1, 0, 1, 1, 0, 0, 0, 1]	13111.2	5	1.0627037290654546
3	[1, 1, 1, 1, 1, 0, 0, 0, 0]	13000.6	5	1.054341791757303
4	[1, 0, 0, 1, 0, 0, 0, 0, 0]	12890.8	2	1.0165532741454884
4	[1, 0, 0, 1, 0, 0, 0, 0, 0]	13110.8	2	1.0333333333333334
4	[1, 0, 0, 1, 0, 0, 0, 0, 0]	12996.2	2	1.0245924479563924
4	[1, 1, 1, 1, 0, 0, 1, 0, 1]	13097.0	6	1.0989474326509443
4	[1, 0, 1, 1, 1, 1, 0, 0, 0]	12949.6	5	1.0710381263284214
4	[1, 0, 1, 1, 1, 0, 0, 0, 1]	13000.0	5	1.074882285342364
4	[1, 0, 1, 1, 1, 0, 0, 0, 1]	12944.8	5	1.0706720159461411
4	[1, 0, 0, 1, 0, 0, 0, 0, 0]	13053.4	2	1.028955263345232
4	[1, 1, 0, 1, 0, 0, 1, 0, 0]	13015.2	4	1.059374968219585
4	[1, 1, 1, 1, 0, 0, 0, 0, 0]	12939.2	4	1.0535782205001476
5	[1, 0, 0, 1, 0, 0, 0, 0, 0]	12940.0	2	0.7574778491189549
5	[1, 0, 0, 1, 0, 0, 0, 0, 0]	12993.8	2	0.7604608713973628
5	[1, 0, 0, 1, 0, 0, 0, 0, 0]	12957.6	2	0.7584537077081739
5	[1, 1, 1, 1, 0, 0, 0, 0, 0]	12941.0	4	0.7975332956297059
5	[1, 0, 0, 1, 0, 0, 1, 0, 0]	13067.6	3	0.7845528238907926
5	[1, 1, 1, 1, 0, 0, 0, 0, 0]	13038.6	4	0.8029448750790114
5	[1, 0, 1, 1, 0, 0, 0, 0, 0]	13042.8	3	0.7831777504241657
5	[0, 1, 1, 1, 0, 0, 1, 1, 0]	18035.4	5	1.1
5	[1, 1, 0, 1, 0, 0, 0, 0, 0]	12981.8	3	0.7797955132683498
5	[1, 0, 0, 1, 0, 0, 0, 0, 0]	13011.2	2	0.7614256406844317
6	[1, 0, 0, 1, 0, 0, 0, 0, 0]	12923.6	2	0.8433845738280579
6	[1, 0, 0, 1, 0, 0, 0, 0, 0]	12970.4	2	0.8462576431009503
6	[1, 0, 0, 1, 0, 0, 0, 0, 0]	12961.8	2	0.8457296859268718
6	[0, 1, 0, 1, 0, 0, 0, 0, 0]	15561.8	2	1.0053446455320088
6	[1, 0, 0, 1, 0, 1, 0, 0, 1]	12894.2	4	0.8915796969771382
6	[1, 1, 1, 1, 0, 0, 0, 0, 0]	12890.0	4	0.8913218574270068
6	[1, 0, 0, 0, 0, 1, 0, 0, 0]	14863.6	2	0.9624818898411217
6	[0, 0, 0, 1, 1, 0, 0, 0, 0]	16289.2	2	1.05
6	[1, 0, 0, 1, 0, 0, 0, 0, 0]	12939.4	2	0.8443545416595044
6	[1, 0, 0, 1, 1, 0, 0, 0, 1]	12881.2	4	0.8907816221791125
7	[1, 0, 0, 1, 0, 0, 0, 0, 0]	12981.2	2	0.862438196125141
7	[1, 0, 0, 1, 0, 0, 0, 0, 0]	12925.4	2	0.8589029257846653
7	[1, 0, 0, 1, 0, 0, 0, 0, 0]	12996.8	2	0.8634265512740912
7	[0, 0, 0, 1, 0, 0, 0, 0, 0]	15783.8	1	1.02
7	[1, 0, 0, 1, 0, 1, 0, 1, 1]	12854.0	5	0.9143793002952394
7	[1, 0, 0, 1, 0, 0, 0, 0, 0]	13095.0	2	0.8696481202245341
7	[1, 0, 0, 1, 1, 0, 0, 0, 1]	12875.2	4	0.8957224496002232
7	[1, 1, 0, 1, 0, 0, 0, 0, 0]	13102.6	3	0.8901296265791507
7	[1, 0, 0, 1, 0, 1, 1, 0, 1]	13045.2	5	0.9264929864798085
7	[1, 1, 1, 1, 0, 0, 0, 0, 0]	13074.0	4	0.9083176421394088
8	[1, 0, 0, 1, 0, 0, 0, 0, 0]	12893.6	2	0.8918273829972782
8	[1, 0, 0, 1, 0, 0, 0, 0, 0]	13042.4	2	0.9016579900108348
8	[1, 0, 0, 1, 0, 0, 0, 0, 0]	12928.6	2	0.8941396897544992
8	[1, 1, 0, 1, 0, 0, 0, 0, 0]	13056.6	3	0.9225961258951931
8	[1, 1, 1, 1, 0, 0, 0, 0, 0]	12893.8	4	0.9318405961787479
8	[1, 0, 1, 1, 0, 1, 0, 0, 0]	12888.4	4	0.9314838402790624
8	[1, 1, 0, 0, 0, 0, 0, 0, 1]	15136.4	3	1.06
8	[1, 1, 1, 1, 0, 0, 0, 0, 0]	13117.6	4	0.9466261462434926
8	[1, 1, 0, 0, 0, 0, 0, 0, 0]	14838.6	2	1.0203255727914167
8	[1, 0, 0, 1, 1, 0, 1, 0, 1]	12930.8	5	0.9542850347506672
9	[1, 0, 0, 1, 0, 0, 0, 0, 0]	12963.6	2	0.8822270013481416
9	[1, 0, 0, 1, 0, 0, 0, 0, 0]	13001.6	2	0.8846664954740965
9	[1, 0, 0, 1, 0, 0, 0, 0, 0]	12987.4	2	0.8837548950375554
9	[1, 1, 0, 1, 0, 0, 0, 0, 0]	12879.4	3	0.901821595942736
9	[1, 1, 0, 1, 0, 1, 0, 0, 0]	12943.0	4	0.9309045387430185
9	[1, 0, 0, 1, 0, 0, 0, 0, 0]	13020.0	2	0.8858477242087693
9	[1, 0, 1, 1, 0, 1, 0, 0, 0]	13045.8	4	0.937504012325865
9	[1, 0, 0, 1, 0, 0, 0, 0, 0]	13080.2	2	0.8897123964819927
9	[1, 0, 0, 0, 0, 0, 0, 0, 0]	15070.0	1	0.9924520125826539
9	[0, 0, 0, 1, 0, 0, 0, 0, 0]	15577.0	1	1.025
10	[1, 0, 0, 1, 0, 0, 0, 0, 0]	13075.2	2	1.029751616852865
10	[1, 0, 0, 1, 0, 0, 0, 0, 0]	12917.4	2	1.0177261942865272
10	[1, 0, 0, 1, 0, 0, 0, 0, 0]	12885.8	2	1.0153180615039143
10	[1, 0, 0, 1, 0, 0, 0, 0, 0]	12820.4	2	1.0103341411247098
10	[1, 0, 0, 1, 1, 0, 0, 0, 0]	13044.2	3	1.0440558747770954
10	[1, 1, 0, 1, 0, 1, 0, 0, 0]	13122.2	4	1.0666666666666667
10	[1, 1, 1, 1, 1, 1, 0, 0, 0]	13025.0	6	1.0925927054914573
10	[1, 0, 0, 1, 0, 1, 1, 0, 0]	13048.2	4	1.06102736837827
10	[1, 0, 0, 1, 0, 0, 0, 0, 0]	13044.0	2	1.0273739667637032
10	[1, 0, 0, 1, 0, 1, 0, 0, 0]	12885.8	3	1.031984728170581
11	[1, 0, 0, 1, 0, 0, 0, 0, 0]	13002.0	2	0.7615026814052753
11	[1, 0, 0, 1, 0, 0, 0, 0, 0]	12978.4	2	0.7602112290686222
11	[1, 0, 0, 1, 0, 0, 0, 0, 0]	12840.8	2	0.7526814052752545
11	[1, 0, 0, 1, 0, 0, 0, 0, 1]	12939.0	3	0.783055160337091
11	[1, 0, 0, 0, 0, 0, 0, 0, 0]	14932.4	1	0.8421391047389734
11	[1, 0, 0, 1, 0, 1, 0, 0, 1]	12967.6	4	0.8096202254569334
11	[1, 0, 0, 1, 0, 1, 1, 0, 0]	13082.8	4	0.8159242639816131
11	[1, 0, 0, 1, 0, 0, 1, 0, 0]	13280.8	3	0.8017593301959067
11	[0, 0, 0, 1, 1, 0, 0, 0, 0]	14722.6	2	0.8556583123563534
11	[0, 0, 0, 0, 0, 0, 0, 1, 0]	18274.0	1	1.025
12	[1, 0, 0, 1, 0, 0, 0, 0, 0]	13012.8	2	0.9024525126232267
12	[1, 0, 0, 1, 0, 0, 0, 0, 0]	13022.2	2	0.9030803344821138
12	[1, 0, 0, 1, 0, 0, 0, 0, 0]	12885.8	2	0.8939702385723064
12	[1, 0, 0, 1, 0, 0, 0, 0, 0]	12958.6	2	0.898832518500708
12	[1, 0, 0, 0, 0, 1, 0, 1, 1]	14972.4	4	1.0666666666666667
12	[1, 0, 1, 1, 0, 0, 1, 0, 1]	12892.8	5	0.9444377654884989
12	[1, 0, 1, 1, 0, 0, 1, 0, 0]	12954.2	4	0.9318719777724347
12	[1, 1, 0, 1, 1, 1, 1, 0, 0]	13000.0	6	0.9682642729288558
12	[1, 0, 0, 1, 1, 1, 0, 0, 1]	12943.2	5	0.9478039592850847
12	[1, 0, 0, 1, 1, 0, 0, 0, 1]	13111.2	4	0.942357938607037
13	[1, 0, 0, 1, 0, 0, 0, 0, 0]	12980.4	2	0.8743931560963838
13	[1, 0, 0, 1, 0, 0, 0, 0, 0]	12963.6	2	0.8733261778043112
13	[1, 0, 0, 1, 0, 0, 0, 0, 0]	12961.0	2	0.8731610502114904
13	[1, 0, 0, 1, 0, 0, 0, 0, 1]	12928.0	3	0.8960651999949192
13	[1, 0, 0, 1, 1, 0, 0, 0, 0]	13031.0	3	0.9026067930951263
13	[1, 0, 0, 1, 0, 1, 1, 0, 0]	12894.0	4	0.9189058391657245
13	[1, 1, 0, 1, 0, 0, 0, 0, 0]	13048.6	3	0.9037245798772975
13	[0, 0, 1, 1, 0, 0, 0, 0, 0]	15745.4	2	1.05
13	[1, 0, 0, 1, 1, 0, 0, 0, 1]	13070.0	4	0.9300837069874376
13	[1, 0, 0, 1, 1, 0, 0, 0, 1]	13142.6	4	0.9346945774638943
14	[1, 0, 0, 1, 0, 0, 0, 0, 0]	12846.0	2	0.8725019528498803
14	[1, 0, 0, 1, 0, 0, 0, 0, 0]	12954.4	2	0.8794425734079471
14	[1, 0, 0, 1, 0, 0, 0, 0, 0]	12976.0	2	0.8808255752903664
14	[1, 0, 0, 1, 0, 0, 0, 0, 0]	12774.6	2	0.8679303632941057
14	[1, 0, 0, 1, 0, 1, 1, 0, 0]	13027.2	4	0.9341038019746193
14	[1, 0, 0, 1, 0, 0, 1, 0, 1]	13073.2	4	0.9370490837612528
14	[0, 1, 0, 1, 0, 0, 1, 0, 0]	15618.2	3	1.075
14	[1, 0, 0, 1, 0, 0, 0, 0, 1]	13049.2	3	0.9105124150030093
14	[1, 0, 0, 1, 1, 0, 0, 0, 0]	13040.6	3	0.9099617753646387
14	[1, 0, 0, 1, 1, 0, 1, 0, 0]	12987.2	4	0.9315426873775466
15	[1, 0, 0, 1, 0, 0, 0, 0, 0]	13040.6	2	1.0464849540751608
15	[1, 0, 0, 1, 0, 0, 0, 0, 0]	13023.0	2	1.0451400669387005
15	[1, 0, 0, 1, 0, 0, 0, 0, 0]	13023.4	2	1.0451706325554384
15	[1, 1, 0, 1, 0, 0, 0, 0, 0]	13017.2	3	1.0696968654960035
15	[1, 0, 0, 1, 0, 0, 0, 0, 0]	12985.8	2	1.0422974645820915
15	[1, 0, 0, 1, 0, 0, 0, 0, 0]	12796.0	2	1.0277940794400378
15	[1, 0, 0, 1, 0, 1, 0, 0, 0]	12973.4	3	1.0663499304632218
15	[1, 0, 0, 1, 1, 0, 0, 0, 0]	13086.6	3	1.075
15	[1, 0, 0, 1, 1, 0, 0, 0, 0]	12988.2	3	1.067480858282518
15	[1, 0, 0, 1, 0, 0, 1, 0, 1]	12929.0	4	1.0879571470053337
16	[1, 0, 0, 1, 0, 0, 0, 0, 0]	12899.0	2	0.9210008508109715
16	[1, 0, 0, 1, 0, 0, 0, 0, 0]	12972.2	2	0.9259436574067823
16	[1, 0, 0, 1, 0, 0, 0, 0, 0]	12942.6	2	0.9239449268707713
16	[1, 0, 0, 1, 0, 0, 0, 1, 1]	12885.6	4	0.9700960200953449
16	[0, 1, 0, 1, 1, 0, 0, 0, 0]	14809.4	3	1.075
16	[1, 0, 0, 1, 0, 0, 0, 1, 0]	13090.0	3	0.9588980647426635
16	[1, 0, 0, 1, 0, 0, 1, 0, 0]	12983.6	3	0.9517134387618675
16	[1, 0, 0, 1, 0, 0, 0, 0, 0]	12969.6	2	0.9257680932380786
16	[1, 0, 1, 1, 0, 1, 0, 0, 0]	13054.4	4	0.9814941861250287
16	[1, 0, 1, 1, 0, 0, 0, 0, 1]	12960.6	4	0.9751603711156428
17	[1, 0, 0, 1, 0, 0, 0, 0, 0]	12934.8	2	0.7528483867111512
17	[1, 0, 0, 1, 0, 0, 0, 0, 0]	12941.2	2	0.7531961485377702
17	[1, 0, 0, 1, 0, 0, 0, 0, 0]	13071.6	2	0.7602817957551322
17	[1, 1, 0, 0, 1, 0, 1, 0, 0]	15181.4	4	0.9249236554114999
17	[1, 0, 0, 1, 0, 0, 0, 0, 0]	12987.8	2	0.7557282893378396
17	[1, 0, 1, 1, 0, 0, 1, 0, 0]	12931.8	4	0.8026853733549234
17	[1, 0, 0, 0, 0, 0, 1, 0, 0]	15279.2	2	0.8802378908245215
17	[1, 0, 0, 1, 0, 0, 0, 1, 0]	13018.8	3	0.7824127606855253
17	[0, 0, 0, 1, 0, 0, 0, 1, 0]	18403.4	2	1.05
17	[1, 0, 0, 1, 1, 0, 0, 0, 0]	12927.8	3	0.7774680222132866
18	[1, 0, 0, 1, 0, 0, 0, 0, 0]	12977.8	2	1.0276788541890138
18	[1, 0, 0, 1, 0, 0, 0, 0, 0]	13049.0	2	1.0331341240409861
18	[1, 0, 0, 1, 0, 0, 0, 0, 0]	13030.8	2	1.0317396589945549
18	[1, 1, 1, 1, 0, 0, 1, 0, 0]	12895.6	5	1.0713807757924954
18	[1, 0, 1, 1, 0, 0, 0, 0, 0]	13030.0	3	1.0483450304943456
18	[1, 0, 0, 1, 1, 0, 0, 0, 0]	12965.6	3	1.0434107695608201
18	[1, 0, 0, 1, 0, 0, 0, 0, 0]	12951.6	2	1.0256714374738218
18	[1, 0, 0, 1, 1, 0, 0, 1, 0]	12964.2	4	1.0599701696854538
18	[1, 0, 0, 1, 0, 0, 0, 0, 0]	12988.4	2	1.028491015150122
18	[1, 0, 1, 1, 1, 0, 1, 1, 0]	13051.6	6	1.1
19	[1, 0, 0, 1, 0, 0, 0, 0, 0]	12951.4	2	0.8804933120525484
19	[1, 0, 0, 1, 0, 0, 0, 0, 0]	12980.0	2	0.8822904492005044
19	[1, 0, 0, 1, 0, 0, 0, 0, 0]	13032.0	2	0.8855579712876969
19	[0, 0, 0, 1, 1, 0, 0, 0, 0]	15914.2	2	1.0666666666666667
19	[0, 0, 0, 1, 0, 0, 0, 0, 0]	15561.4	1	1.011164452710996
19	[1, 0, 1, 1, 0, 0, 0, 0, 0]	13039.0	3	0.9193311633635369
19	[1, 0, 0, 1, 0, 0, 0, 0, 0]	13121.6	2	0.8911881631917826
19	[1, 0, 0, 1, 0, 0, 0, 0, 0]	13009.6	2	0.8841504233116755
19	[1, 0, 0, 1, 1, 0, 0, 0, 0]	12894.6	3	0.910257505875256
19	[1, 0, 1, 1, 0, 0, 0, 0, 0]	13060.2	3	0.9206633069837
