INFO_TYPES: robot_position	robot_led_status	robot_lifter_status	robot_heading	robot_speed_status	robot_task_id	robot_pheromone_map	chosen_door	waypoint
generation	genome	ave_time	tot_weight	fitness
0	[0, 1, 1, 0, 1, 0, 1, 0, 1]	13376.6	5	1.0955642220270612
0	[0, 1, 1, 0, 0, 0, 0, 0, 0]	13398.4	2	1.0371867045742098
0	[1, 0, 0, 1, 1, 0, 0, 0, 0]	5033.2	3	0.4345999612985814
0	[1, 1, 0, 0, 0, 0, 0, 1, 1]	12245.4	4	0.9913737515071226
0	[1, 0, 0, 0, 0, 1, 0, 1, 0]	12225.2	3	0.9698703502478379
0	[0, 1, 1, 1, 0, 0, 0, 1, 0]	13039.8	4	1.0504976109316622
0	[0, 0, 0, 1, 1, 1, 0, 0, 1]	13436.2	4	1.08
0	[0, 1, 1, 0, 1, 0, 0, 0, 0]	13151.6	3	1.0388184159211682
0	[0, 0, 0, 1, 0, 0, 1, 0, 1]	12898.2	3	1.0199589169556869
0	[0, 1, 0, 0, 0, 0, 0, 0, 0]	12828.6	1	0.9747788809335973
1	[1, 0, 0, 1, 1, 0, 0, 0, 0]	5607.8	3	0.5196752834826739
1	[1, 0, 0, 0, 0, 1, 0, 1, 0]	12596.0	3	1.0738105622075966
1	[0, 1, 0, 0, 0, 0, 0, 0, 0]	12611.0	1	1.025
1	[1, 0, 0, 0, 0, 1, 0, 1, 0]	11803.2	3	1.0109448100864324
1	[1, 0, 0, 1, 0, 0, 0, 0, 0]	5089.8	2	0.4536000317183411
1	[1, 1, 0, 0, 0, 0, 0, 1, 1]	11872.2	4	1.0414162239314886
1	[0, 0, 0, 0, 0, 1, 0, 1, 0]	11883.2	2	0.9922884783125844
1	[1, 1, 0, 0, 0, 0, 0, 1, 1]	11921.8	4	1.0453492982317025
1	[1, 0, 0, 1, 1, 0, 0, 0, 0]	4911.8	3	0.4644853699151535
1	[0, 1, 1, 0, 1, 0, 0, 0, 0]	12437.8	3	1.0612659582903814
2	[1, 0, 0, 1, 0, 0, 0, 0, 0]	5309.0	2	0.44387779327536575
2	[1, 0, 0, 1, 1, 0, 0, 0, 0]	5049.4	3	0.4496179185090661
2	[1, 0, 0, 1, 1, 0, 0, 0, 0]	4916.6	3	0.43976540938362474
2	[1, 0, 0, 0, 1, 0, 0, 0, 0]	12206.4	2	0.9555999050360567
2	[1, 0, 0, 1, 1, 0, 0, 0, 0]	5225.4	3	0.46267546072350657
2	[0, 0, 0, 0, 0, 1, 0, 0, 0]	13422.0	1	1.0207859750126125
2	[1, 0, 0, 1, 0, 1, 0, 1, 0]	5131.0	4	0.4806718698993976
2	[1, 0, 1, 0, 0, 1, 0, 0, 0]	12409.0	3	0.995630916698816
2	[0, 0, 1, 0, 0, 0, 0, 0, 0]	13478.8	1	1.025
2	[0, 0, 0, 0, 0, 0, 0, 1, 1]	12536.2	2	0.9800679585719798
3	[1, 0, 0, 1, 1, 0, 0, 0, 0]	5008.2	3	0.41935078353711036
3	[1, 0, 0, 1, 0, 0, 0, 0, 0]	5052.8	2	0.4025509442626716
3	[1, 0, 0, 1, 1, 0, 0, 0, 0]	4957.4	3	0.4157057574192067
3	[0, 0, 0, 1, 0, 0, 0, 0, 0]	13346.4	1	0.9776373342517651
3	[1, 0, 0, 0, 1, 0, 0, 0, 1]	12682.8	3	0.9700223867745823
3	[1, 0, 0, 0, 0, 0, 0, 0, 0]	13936.8	1	1.02
3	[1, 0, 0, 1, 0, 1, 0, 1, 0]	4807.2	4	0.4249285345272947
3	[1, 0, 0, 1, 0, 0, 0, 0, 0]	4920.4	2	0.3930509155616785
3	[1, 0, 0, 1, 1, 0, 0, 0, 0]	5217.4	3	0.4343614029045405
3	[1, 0, 0, 1, 0, 1, 0, 1, 1]	5361.4	5	0.48469376040410994
4	[1, 0, 0, 1, 0, 0, 0, 0, 0]	5420.6	2	0.4541846356037105
4	[1, 0, 0, 1, 0, 0, 0, 0, 0]	4871.8	2	0.4122511728838425
4	[1, 0, 0, 1, 1, 0, 0, 0, 0]	5004.8	3	0.4424136192062595
4	[1, 0, 1, 1, 0, 0, 0, 0, 0]	4902.2	3	0.4345740177575378
4	[1, 0, 0, 1, 0, 1, 0, 1, 0]	5012.0	4	0.4629637666763452
4	[1, 0, 0, 1, 1, 1, 0, 1, 0]	5321.6	5	0.5066201078900316
4	[1, 0, 0, 1, 0, 1, 0, 1, 0]	5215.0	4	0.478474868957929
4	[0, 0, 0, 1, 0, 0, 0, 0, 0]	13087.4	1	1.02
4	[1, 0, 1, 1, 1, 0, 0, 0, 0]	5266.2	4	0.48238702874520534
4	[1, 0, 0, 1, 0, 1, 0, 1, 1]	5213.0	5	0.49832205021623854
5	[1, 0, 0, 1, 0, 0, 0, 0, 0]	5142.6	2	0.43621948544389083
5	[1, 0, 1, 1, 0, 0, 0, 0, 0]	4903.8	3	0.4341778697001034
5	[1, 0, 0, 1, 1, 0, 0, 0, 0]	5328.4	3	0.46744226128921057
5	[1, 0, 0, 1, 0, 0, 0, 0, 1]	5484.2	3	0.4796480837328821
5	[1, 0, 1, 0, 1, 1, 0, 0, 1]	12764.4	5	1.0833333333333333
5	[1, 0, 1, 1, 0, 0, 0, 0, 0]	4700.0	3	0.4182115884804613
5	[1, 0, 0, 1, 0, 1, 1, 1, 1]	5351.6	6	0.5192598163642631
5	[1, 0, 1, 1, 1, 0, 0, 0, 0]	5002.2	4	0.4585534768575099
5	[1, 0, 1, 1, 0, 0, 0, 0, 0]	5316.6	3	0.4665178151734512
5	[1, 0, 1, 1, 1, 1, 0, 1, 0]	5473.0	6	0.5287706433518222
6	[1, 0, 1, 1, 0, 0, 0, 0, 0]	5460.6	3	0.4667951516631811
6	[1, 0, 1, 1, 0, 0, 0, 0, 0]	4763.4	3	0.4135794647900224
6	[1, 0, 0, 1, 0, 0, 0, 0, 0]	5492.8	2	0.45258623760310607
6	[1, 0, 0, 0, 0, 1, 0, 0, 0]	13101.4	2	1.0333333333333334
6	[1, 0, 0, 1, 0, 1, 1, 1, 1]	5030.6	6	0.48397423176149124
6	[1, 0, 1, 1, 0, 0, 0, 0, 1]	5670.2	4	0.499460108588904
6	[1, 1, 0, 1, 1, 0, 0, 0, 1]	5156.2	5	0.47689432681494603
6	[1, 1, 0, 1, 0, 0, 0, 0, 0]	5416.0	3	0.46339093531988945
6	[1, 0, 1, 1, 0, 0, 0, 0, 0]	5310.8	3	0.4553612591020807
6	[1, 1, 0, 1, 0, 0, 0, 1, 1]	4917.6	5	0.45868253265554326
7	[1, 0, 1, 1, 0, 0, 0, 0, 0]	5722.0	3	0.5085029001410879
7	[1, 0, 0, 1, 0, 0, 0, 0, 0]	5157.6	2	0.44426399122119453
7	[1, 0, 1, 1, 0, 0, 0, 0, 0]	4851.2	3	0.4402476877253488
7	[1, 0, 0, 1, 0, 0, 0, 0, 0]	5326.4	2	0.4574949051575482
7	[1, 0, 1, 1, 0, 0, 0, 1, 1]	5079.8	5	0.4981658567173538
7	[1, 0, 0, 0, 0, 1, 1, 1, 0]	12758.0	4	1.08
7	[1, 0, 0, 0, 0, 0, 0, 1, 1]	12667.6	3	1.0529142498824267
7	[1, 1, 0, 1, 1, 0, 0, 0, 0]	5351.6	4	0.49947013638501336
7	[1, 0, 0, 1, 0, 0, 0, 1, 0]	5328.6	3	0.4776673459789936
7	[1, 0, 1, 1, 0, 0, 0, 0, 0]	5078.4	3	0.45805612164916126
8	[1, 0, 1, 1, 0, 0, 0, 0, 0]	5542.8	3	1.0237521823970424
8	[1, 0, 0, 1, 0, 0, 0, 0, 0]	4525.8	2	0.8246739242066345
8	[1, 0, 0, 1, 0, 0, 0, 0, 0]	4742.2	2	0.861714764985793
8	[1, 0, 0, 1, 0, 0, 0, 0, 0]	4743.4	2	0.861920167060354
8	[1, 0, 0, 1, 0, 0, 0, 0, 0]	5195.2	2	0.9392540481325529
8	[1, 0, 0, 1, 0, 0, 0, 0, 0]	5842.2	2	1.05
8	[1, 0, 0, 1, 0, 1, 0, 1, 0]	5269.6	4	1.001988976755332
8	[1, 0, 1, 1, 0, 0, 0, 0, 0]	5135.6	3	0.9540524117626923
8	[1, 0, 1, 1, 0, 0, 0, 0, 0]	5038.8	3	0.937483311081442
8	[1, 0, 0, 1, 0, 0, 0, 1, 1]	4717.0	4	0.9074013214200131
9	[1, 0, 0, 1, 0, 0, 0, 0, 0]	5450.6	2	1.0049470665297595
9	[1, 0, 0, 1, 0, 0, 0, 0, 0]	5069.2	2	0.9374259108451651
9	[1, 0, 0, 1, 0, 0, 0, 0, 0]	5092.4	2	0.9415331232517791
9	[1, 0, 1, 1, 0, 0, 0, 1, 1]	4730.2	5	0.9374110399036928
9	[1, 0, 0, 1, 0, 0, 0, 0, 0]	4955.0	2	0.9172085118436426
9	[1, 0, 0, 1, 0, 0, 0, 1, 1]	5511.6	4	1.055746202598874
9	[1, 0, 0, 1, 1, 0, 0, 1, 1]	5373.2	5	1.051244556173211
9	[1, 0, 0, 1, 0, 1, 0, 1, 1]	5497.8	5	1.0733031193570088
9	[1, 0, 0, 1, 0, 0, 0, 1, 1]	5185.2	4	0.9979619728782352
9	[1, 0, 0, 1, 0, 1, 0, 0, 0]	5648.6	3	1.06
10	[1, 0, 0, 1, 0, 0, 0, 0, 0]	5012.4	2	0.41196117427053336
10	[1, 0, 1, 1, 0, 0, 0, 1, 1]	5157.6	5	0.48273620469589484
10	[1, 0, 0, 1, 0, 0, 0, 0, 0]	5283.0	2	0.43204191279052506
10	[1, 0, 0, 1, 0, 0, 1, 0, 0]	5316.6	3	0.4545353082608567
10	[0, 0, 0, 1, 0, 0, 0, 0, 0]	13475.6	1	1.02
10	[1, 0, 0, 1, 0, 0, 0, 0, 0]	5430.0	2	0.4429505179732257
10	[1, 0, 0, 0, 0, 1, 0, 0, 0]	12413.8	2	0.9612057348095817
10	[1, 0, 0, 1, 0, 0, 0, 1, 0]	5292.6	3	0.4527543114963341
10	[1, 1, 1, 1, 0, 0, 0, 1, 0]	4871.8	5	0.4615275015583722
10	[1, 0, 1, 1, 0, 0, 0, 0, 0]	4814.4	3	0.4172679509632224
11	[1, 0, 0, 1, 0, 0, 0, 0, 0]	4770.8	2	0.4353385887826312
11	[1, 0, 1, 1, 0, 0, 0, 0, 0]	5163.6	3	0.49206513310933064
11	[1, 0, 0, 1, 0, 0, 0, 0, 0]	4884.6	2	0.44453024037218924
11	[1, 0, 1, 1, 0, 0, 0, 0, 0]	5256.6	3	0.4995767640217111
11	[1, 0, 0, 1, 0, 0, 0, 0, 0]	4956.4	2	0.45032954251744634
11	[1, 1, 0, 1, 0, 0, 1, 0, 0]	5460.2	4	0.5410215818040838
11	[1, 0, 0, 1, 0, 0, 1, 0, 0]	5282.6	3	0.5016767898681831
11	[1, 0, 0, 1, 1, 0, 0, 0, 0]	5474.0	3	0.5171362109072112
11	[1, 0, 1, 0, 0, 1, 0, 0, 0]	12380.8	3	1.075
11	[1, 0, 1, 1, 0, 0, 0, 0, 0]	4810.0	3	0.463504781597312
12	[1, 0, 0, 1, 0, 0, 0, 0, 0]	5187.8	2	0.9226324642556771
12	[1, 0, 0, 1, 0, 0, 0, 0, 0]	4560.2	2	0.8170647603027754
12	[1, 0, 0, 1, 0, 0, 0, 0, 0]	5489.8	2	0.9734314550042052
12	[1, 0, 1, 1, 1, 0, 0, 0, 0]	5137.8	4	0.9642220353238016
12	[1, 0, 0, 1, 0, 1, 0, 1, 0]	5684.8	4	1.0562321278385198
12	[1, 1, 1, 1, 0, 0, 0, 0, 0]	4953.0	4	0.9331370899915895
12	[1, 0, 1, 1, 0, 0, 0, 1, 0]	5343.2	4	0.9987720773759461
12	[1, 0, 1, 1, 0, 0, 0, 0, 0]	5945.0	3	1.075
12	[1, 0, 1, 1, 0, 0, 0, 0, 0]	4839.6	3	0.8890622371740959
12	[1, 1, 1, 1, 0, 0, 0, 0, 0]	4770.0	4	0.9023549201009251
13	[1, 0, 0, 1, 0, 0, 0, 0, 0]	5181.6	2	0.4661815071309898
13	[1, 0, 1, 1, 0, 0, 0, 0, 0]	5344.8	3	0.4996045467256666
13	[1, 1, 1, 1, 0, 0, 0, 0, 0]	5229.4	4	0.5101130101495287
13	[1, 0, 0, 1, 0, 0, 0, 0, 1]	4954.6	3	0.46751098024378607
13	[1, 0, 1, 1, 1, 0, 0, 0, 0]	5204.2	4	0.5080403349179977
13	[1, 0, 1, 0, 0, 1, 0, 0, 0]	12158.2	3	1.06
13	[1, 1, 1, 1, 0, 0, 0, 1, 0]	5001.6	5	0.5113766840486257
13	[1, 1, 1, 1, 0, 0, 0, 1, 0]	5252.4	5	0.5320047375433863
13	[1, 0, 1, 1, 0, 0, 0, 1, 0]	5154.4	4	0.5039443338652103
13	[1, 1, 1, 1, 0, 1, 0, 0, 0]	5041.0	5	0.5146172953233209
14	[1, 0, 0, 1, 0, 0, 0, 0, 0]	5297.4	2	0.4511419834531145
14	[1, 0, 0, 1, 0, 0, 0, 0, 1]	5311.8	3	0.4722595967278767
14	[1, 0, 1, 1, 0, 0, 0, 0, 0]	5326.8	3	0.47342377722242057
14	[1, 1, 0, 0, 0, 0, 0, 0, 0]	12884.6	2	1.04
14	[1, 0, 0, 1, 0, 0, 0, 0, 0]	5247.6	2	0.4472769042112289
14	[1, 0, 1, 1, 0, 0, 0, 0, 0]	4857.8	3	0.4370237337596821
14	[1, 0, 1, 1, 0, 0, 0, 1, 0]	4978.0	4	0.46635270012262703
14	[1, 0, 0, 1, 1, 0, 1, 0, 1]	5525.0	5	0.5288064821569937
14	[1, 0, 0, 1, 0, 0, 0, 0, 1]	4720.2	3	0.42634431802306627
14	[1, 0, 0, 1, 0, 0, 0, 0, 0]	5281.8	2	0.4499312357387889
15	[1, 0, 0, 1, 0, 0, 0, 0, 1]	4878.6	3	0.417296655973986
15	[1, 0, 1, 1, 0, 0, 0, 0, 0]	5171.8	3	0.43876990230112345
15	[1, 0, 0, 1, 0, 0, 0, 0, 0]	4570.0	2	0.3746955515519035
15	[1, 0, 0, 1, 0, 0, 0, 0, 0]	4642.2	2	0.37998330184119167
15	[1, 0, 0, 1, 0, 0, 0, 0, 1]	5209.8	3	0.4415529287691699
15	[0, 0, 1, 1, 0, 1, 0, 0, 0]	12760.4	3	0.9945402879700018
15	[1, 0, 1, 1, 0, 1, 0, 1, 0]	5789.0	5	0.5239721111452886
15	[1, 0, 0, 1, 0, 0, 0, 1, 0]	5438.2	3	0.45828038259290177
15	[0, 0, 1, 1, 0, 0, 0, 0, 0]	13654.2	2	1.04
15	[1, 1, 0, 1, 0, 0, 0, 0, 0]	4870.8	3	0.41672540317265017
16	[1, 0, 0, 1, 0, 0, 0, 0, 0]	5157.6	2	0.43522462007527035
16	[1, 0, 0, 1, 0, 0, 0, 0, 0]	5061.2	2	0.4283359535038826
16	[1, 1, 0, 1, 0, 0, 0, 0, 0]	4815.2	3	0.4440903244247535
16	[1, 0, 1, 1, 0, 0, 0, 0, 0]	5133.6	3	0.46684293268543664
16	[1, 1, 0, 1, 0, 0, 0, 0, 0]	5404.2	3	0.48617979133914535
16	[1, 0, 0, 1, 0, 0, 0, 0, 0]	5342.2	2	0.44841598780429703
16	[1, 0, 0, 1, 0, 0, 0, 0, 0]	4858.4	2	0.41384402839312084
16	[0, 0, 0, 1, 0, 0, 0, 0, 0]	13994.0	1	1.0333333333333334
16	[1, 0, 0, 1, 0, 0, 0, 1, 0]	5628.4	3	0.5022009432613977
16	[1, 0, 0, 1, 0, 0, 0, 0, 0]	5136.4	2	0.4337096851031394
17	[1, 0, 0, 1, 0, 0, 0, 0, 0]	4917.8	2	0.4182586751733537
17	[1, 0, 0, 1, 0, 0, 0, 0, 0]	4944.6	2	0.4202655344386036
17	[1, 0, 0, 1, 0, 0, 0, 0, 0]	4765.6	2	0.4068615117341361
17	[1, 0, 0, 1, 0, 1, 0, 0, 1]	4881.2	4	0.46551796438573634
17	[1, 0, 0, 1, 0, 0, 1, 0, 0]	4968.8	3	0.4470776984020009
17	[1, 0, 0, 0, 0, 0, 0, 0, 0]	12873.2	1	0.9889813691572689
17	[0, 0, 0, 1, 1, 0, 0, 0, 0]	13354.2	2	1.05
17	[1, 0, 1, 1, 0, 0, 0, 0, 0]	4993.4	3	0.44891981548876003
17	[1, 0, 0, 1, 0, 0, 0, 0, 0]	5113.4	2	0.4329057524973416
17	[1, 0, 0, 1, 0, 0, 0, 0, 0]	5086.2	2	0.4308689401087298
18	[1, 0, 0, 1, 0, 0, 0, 0, 0]	5907.8	2	1.04
18	[1, 0, 0, 1, 0, 0, 0, 0, 0]	5226.8	2	0.9247286638003995
18	[1, 0, 0, 1, 0, 0, 0, 0, 0]	5186.6	2	0.917924100341921
18	[1, 1, 0, 1, 0, 0, 0, 0, 0]	4948.8	3	0.8976722299333084
18	[1, 0, 0, 1, 0, 0, 0, 0, 1]	4806.2	3	0.873534649107959
18	[1, 0, 0, 1, 0, 0, 0, 0, 0]	4724.8	2	0.8397562544432784
18	[1, 0, 1, 1, 0, 0, 0, 0, 0]	4858.8	3	0.8824381326382071
18	[1, 0, 0, 1, 0, 0, 0, 0, 0]	4997.8	2	0.8859663495717527
18	[1, 0, 0, 1, 0, 0, 1, 1, 1]	5354.8	5	1.006394935508988
18	[1, 0, 0, 1, 0, 0, 0, 0, 0]	5071.8	2	0.8984921629032805
19	[1, 0, 0, 1, 0, 0, 0, 0, 0]	5026.8	2	0.43098558457504055
19	[1, 0, 0, 1, 0, 0, 0, 0, 1]	4795.6	3	0.43846273362538085
19	[1, 0, 1, 1, 0, 0, 0, 0, 0]	5063.6	3	0.45877468887844663
19	[1, 0, 0, 1, 0, 0, 0, 0, 1]	5203.8	3	0.46940056994740115
19	[1, 0, 0, 1, 0, 0, 0, 0, 1]	5176.0	3	0.4672935835442846
19	[1, 0, 0, 1, 1, 0, 1, 0, 0]	5495.2	4	0.5164860317412195
19	[0, 0, 0, 1, 0, 0, 0, 0, 1]	13194.2	2	1.05
19	[1, 0, 1, 1, 0, 0, 0, 0, 0]	4922.6	3	0.44808817510724414
19	[1, 0, 0, 1, 0, 0, 0, 0, 1]	5218.6	3	0.47052227493898835
19	[1, 1, 1, 1, 0, 0, 0, 0, 0]	5458.4	4	0.5136969274378136
