INFO_TYPES: robot_position	robot_led_status	robot_lifter_status	robot_heading	robot_speed_status	robot_task_id	robot_pheromone_map	chosen_door	waypoint
generation	genome	ave_time	tot_weight	fitness
0	[1, 1, 0, 0, 1, 1, 0, 1, 0]	15179.2	5	0.8829086044751919
0	[1, 0, 0, 1, 0, 1, 0, 0, 0]	13121.0	3	0.746666576586315
0	[1, 0, 0, 1, 0, 1, 0, 1, 1]	12973.8	5	0.7637106799264944
0	[0, 0, 0, 1, 0, 0, 0, 1, 0]	18281.8	2	1.0130985839368716
0	[0, 1, 0, 0, 1, 1, 1, 1, 1]	17969.6	6	1.0462247324613554
0	[1, 1, 1, 1, 1, 0, 1, 1, 1]	12940.0	8	0.799383850394552
0	[0, 1, 1, 1, 0, 0, 0, 1, 0]	18502.0	4	1.05
0	[1, 1, 1, 0, 1, 1, 0, 0, 1]	14856.4	6	0.8779618419630311
0	[0, 1, 1, 1, 0, 0, 1, 0, 0]	14907.8	4	0.8557399200086477
0	[0, 1, 1, 0, 1, 1, 1, 1, 1]	17792.0	7	1.0491257701870067
1	[1, 0, 0, 1, 0, 1, 0, 0, 0]	12953.4	3	0.7554740156083718
1	[1, 0, 0, 1, 0, 1, 0, 1, 1]	13084.2	5	0.7877239269244414
1	[1, 1, 1, 1, 1, 0, 1, 1, 1]	12921.0	8	0.8161781660163179
1	[1, 0, 0, 1, 0, 1, 0, 1, 0]	12980.8	4	0.7694927279177014
1	[0, 1, 1, 1, 0, 1, 0, 1, 0]	18041.6	5	1.0625
1	[1, 0, 0, 1, 0, 1, 1, 1, 1]	13020.2	6	0.7966765697055695
1	[0, 1, 1, 0, 1, 1, 0, 0, 0]	16187.2	4	0.9472153245831857
1	[1, 0, 0, 1, 0, 1, 0, 0, 1]	13027.2	4	0.7720645619013836
1	[1, 0, 0, 1, 0, 1, 0, 1, 1]	12995.2	5	0.7827908832919476
1	[1, 0, 0, 0, 1, 1, 1, 1, 1]	14705.6	6	0.8900940049663002
2	[1, 0, 0, 1, 0, 1, 0, 0, 0]	13065.8	3	0.7379063340945397
2	[1, 0, 0, 1, 0, 1, 0, 1, 0]	12930.2	4	0.7431373495009275
2	[1, 0, 0, 1, 0, 1, 0, 0, 1]	12931.2	4	0.7431909555820013
2	[1, 0, 0, 1, 0, 1, 0, 0, 1]	13029.4	4	0.7484550727434521
2	[1, 0, 0, 1, 0, 1, 1, 1, 1]	13002.6	6	0.7720184297706734
2	[0, 1, 1, 1, 1, 1, 1, 1, 1]	18146.0	8	1.0727359471658466
2	[1, 1, 1, 0, 1, 1, 0, 0, 0]	15131.0	5	0.8736136127282279
2	[1, 0, 0, 1, 0, 1, 0, 1, 1]	12983.2	5	0.7584784717978409
2	[0, 1, 1, 1, 0, 1, 1, 1, 0]	18654.6	6	1.075
2	[1, 0, 0, 0, 0, 1, 0, 0, 1]	15206.6	3	0.85266623245741
3	[1, 0, 0, 1, 0, 1, 0, 0, 0]	12895.4	3	0.7406073132987759
3	[1, 0, 0, 1, 0, 1, 0, 1, 0]	13037.2	4	0.7625656065016719
3	[1, 0, 0, 1, 0, 1, 0, 0, 1]	13118.0	4	0.7669375696646358
3	[0, 0, 1, 1, 0, 1, 1, 1, 0]	18481.4	5	1.0714285714285714
3	[0, 1, 0, 0, 0, 1, 0, 1, 1]	18121.4	4	1.0376638133474736
3	[0, 1, 0, 0, 0, 0, 0, 0, 1]	15284.2	2	0.8555758762864285
3	[1, 1, 1, 1, 0, 1, 1, 1, 0]	13017.0	7	0.8043297585680738
3	[0, 1, 0, 1, 0, 1, 0, 0, 1]	16426.8	4	0.9459716255262046
3	[1, 0, 0, 1, 0, 1, 1, 1, 1]	13023.6	6	0.790401160085275
3	[1, 1, 0, 1, 0, 0, 0, 0, 1]	12876.0	4	0.7538433235577391
4	[1, 0, 0, 1, 0, 1, 0, 0, 0]	13061.8	3	0.7586898824855749
4	[1, 1, 0, 1, 0, 0, 0, 0, 1]	12992.2	4	0.7691612711287179
4	[1, 0, 0, 1, 0, 1, 0, 1, 0]	13016.0	4	0.7704655951271834
4	[0, 1, 0, 1, 0, 1, 0, 1, 1]	18247.0	5	1.0714285714285714
4	[1, 0, 0, 1, 0, 1, 1, 0, 1]	13067.0	5	0.7875462894096094
4	[1, 0, 0, 1, 0, 1, 0, 0, 1]	13065.6	4	0.773183850182809
4	[1, 1, 0, 1, 0, 1, 1, 1, 1]	12916.8	7	0.807886227873075
4	[1, 1, 0, 1, 0, 1, 0, 0, 1]	12907.8	5	0.7788215675375207
4	[1, 0, 0, 1, 1, 1, 0, 0, 0]	13186.8	4	0.7798260379397004
4	[1, 1, 1, 0, 1, 1, 1, 1, 0]	15275.0	7	0.9371239107798542
5	[1, 0, 0, 1, 0, 1, 0, 0, 0]	12991.6	3	0.926182770423843
5	[1, 1, 0, 1, 0, 0, 0, 0, 1]	13123.2	4	0.9494162396117848
5	[1, 0, 0, 1, 0, 1, 0, 1, 0]	12948.8	4	0.9375584246045776
5	[1, 0, 0, 1, 0, 1, 0, 0, 1]	13019.2	4	0.9423450655249181
5	[1, 1, 0, 1, 0, 1, 0, 1, 1]	13081.8	6	0.9751727969601721
5	[1, 0, 0, 1, 0, 0, 0, 0, 1]	12950.8	3	0.9234086944359183
5	[1, 1, 0, 1, 0, 1, 0, 1, 0]	12904.6	5	0.9488388899033735
5	[1, 1, 1, 0, 0, 1, 1, 1, 1]	14707.6	7	1.1
5	[1, 1, 0, 1, 1, 1, 1, 1, 0]	12925.0	7	0.9787973564687644
5	[1, 0, 0, 1, 1, 1, 0, 0, 1]	13048.4	5	0.9586161479196372
6	[1, 0, 0, 1, 0, 0, 0, 0, 1]	12958.4	3	0.9010370010376578
6	[1, 0, 0, 1, 0, 1, 0, 0, 0]	12978.8	3	0.9023767617196222
6	[1, 0, 0, 1, 0, 1, 0, 1, 0]	13007.4	4	0.9209217203227684
6	[1, 1, 0, 1, 0, 1, 1, 1, 0]	13066.6	6	0.9581429866155281
6	[1, 1, 1, 0, 0, 1, 0, 1, 0]	15226.6	5	1.0833333333333333
6	[1, 1, 0, 1, 0, 1, 0, 1, 1]	12952.2	6	0.9506298188696097
6	[1, 1, 0, 0, 0, 0, 0, 0, 0]	15131.0	2	1.0270548470002059
6	[1, 0, 0, 1, 0, 1, 0, 1, 1]	13203.0	5	0.950434327645918
6	[1, 0, 1, 0, 0, 1, 0, 0, 1]	15060.0	4	1.055725287763957
6	[1, 1, 0, 1, 0, 0, 0, 0, 1]	12840.4	4	0.9099540716027653
7	[1, 0, 0, 1, 0, 0, 0, 0, 1]	13105.2	3	0.8750878275432213
7	[1, 0, 0, 1, 0, 1, 0, 0, 0]	13019.8	3	0.8697111449689613
7	[1, 1, 0, 1, 0, 0, 0, 0, 1]	13006.2	4	0.8855215717877365
7	[1, 1, 0, 1, 0, 1, 0, 1, 1]	12837.0	6	0.9082022740723019
7	[1, 1, 0, 1, 0, 0, 0, 0, 1]	12904.6	4	0.8791249564534882
7	[0, 1, 0, 0, 0, 1, 0, 0, 0]	15562.8	2	1.013148738095538
7	[1, 0, 0, 1, 0, 1, 0, 0, 0]	12924.6	3	0.8637174660337208
7	[1, 1, 0, 0, 0, 0, 0, 0, 0]	15457.0	2	1.0064876957494409
7	[0, 1, 0, 0, 0, 0, 0, 0, 0]	15883.4	1	1.0166666666666666
7	[1, 1, 0, 0, 1, 0, 1, 0, 0]	14743.8	4	0.9949188041183458
8	[1, 0, 0, 1, 0, 1, 0, 0, 0]	13080.4	3	0.805422157694885
8	[1, 0, 0, 1, 0, 1, 0, 0, 0]	13052.8	3	0.8038809470627652
8	[1, 0, 0, 1, 0, 0, 0, 0, 1]	12972.0	3	0.7993689970962699
8	[1, 1, 0, 1, 0, 1, 0, 0, 0]	12956.4	4	0.8234978780433325
8	[1, 0, 0, 0, 0, 0, 0, 0, 0]	15231.2	1	0.8755249050703596
8	[0, 1, 1, 0, 0, 0, 0, 1, 1]	17908.0	4	1.1
8	[1, 1, 0, 1, 0, 1, 0, 0, 0]	13219.0	4	0.8381617154344427
8	[1, 0, 0, 1, 0, 1, 0, 0, 0]	12927.2	3	0.7968673218673219
8	[1, 1, 0, 1, 0, 0, 0, 0, 1]	13005.2	4	0.826222917132008
8	[0, 1, 1, 1, 0, 0, 0, 0, 1]	15916.2	4	0.9887759660486933
9	[1, 0, 0, 1, 0, 1, 0, 0, 0]	13068.0	3	0.8343357588111209
9	[1, 0, 0, 1, 0, 0, 0, 0, 1]	13082.6	3	0.8352008722239339
9	[1, 0, 0, 1, 0, 1, 0, 0, 0]	12904.4	3	0.824641748240146
9	[1, 0, 1, 1, 0, 1, 0, 1, 0]	12881.0	5	0.8632551966059111
9	[1, 1, 1, 1, 0, 0, 0, 0, 1]	13011.6	5	0.8709938138465548
9	[1, 1, 0, 1, 0, 1, 0, 0, 0]	12965.6	4	0.8482681140527601
9	[0, 1, 0, 1, 0, 0, 1, 0, 1]	16876.4	4	1.08
9	[1, 1, 1, 1, 0, 0, 0, 0, 0]	12994.8	4	0.8499983408783862
9	[1, 1, 0, 1, 0, 1, 0, 0, 0]	13062.2	4	0.8539920836197292
9	[1, 0, 0, 1, 0, 0, 0, 0, 0]	12894.6	2	0.804061055675381
10	[1, 0, 0, 1, 0, 0, 0, 0, 0]	13061.2	2	1.025478935934248
10	[1, 0, 0, 1, 0, 1, 0, 0, 0]	13016.2	3	1.0387273445452199
10	[1, 0, 0, 1, 0, 1, 0, 0, 0]	13073.8	3	1.043102714856509
10	[1, 1, 0, 1, 0, 0, 0, 0, 0]	13062.6	3	1.0422519484070918
10	[1, 1, 1, 1, 0, 1, 0, 0, 0]	13164.6	5	1.0833333333333333
10	[1, 1, 1, 1, 1, 1, 0, 0, 0]	12969.6	6	1.0851875484253224
10	[1, 1, 0, 1, 0, 1, 0, 0, 0]	12998.2	4	1.0540267079896086
10	[1, 0, 1, 1, 0, 1, 0, 0, 0]	13086.2	4	1.060711301520745
10	[1, 1, 0, 1, 0, 1, 0, 1, 0]	12972.2	5	1.0687183811129848
10	[1, 0, 0, 1, 0, 0, 0, 0, 0]	12881.0	2	1.0117907114534432
11	[1, 0, 0, 1, 0, 0, 0, 0, 0]	12892.8	2	0.8160669355324144
11	[1, 0, 0, 1, 0, 0, 0, 0, 0]	12938.2	2	0.818799735147174
11	[1, 0, 0, 1, 0, 1, 0, 0, 0]	12946.2	3	0.8392812857400831
11	[1, 0, 0, 1, 0, 1, 0, 0, 0]	12990.6	3	0.841953891530729
11	[0, 1, 0, 1, 0, 1, 0, 0, 0]	15477.4	3	0.9916438933365437
11	[1, 1, 0, 1, 0, 0, 0, 0, 0]	13036.8	3	0.8447348462047792
11	[1, 1, 0, 1, 0, 1, 0, 0, 0]	12878.0	4	0.8551760669355324
11	[0, 1, 0, 1, 0, 1, 0, 0, 0]	16613.0	3	1.06
11	[1, 1, 0, 1, 0, 1, 0, 1, 0]	12968.6	5	0.8806296274002288
11	[1, 0, 0, 1, 0, 0, 0, 0, 0]	12895.6	2	0.8162354782399326
12	[1, 0, 0, 1, 0, 0, 0, 0, 0]	12924.4	2	0.747104607721046
12	[1, 0, 0, 1, 0, 0, 0, 0, 0]	13027.8	2	0.7528531400106742
12	[1, 0, 0, 1, 0, 0, 0, 0, 0]	13025.6	2	0.7527308308130226
12	[1, 1, 0, 1, 0, 1, 0, 1, 0]	12962.2	5	0.7920632449742039
12	[1, 1, 0, 1, 1, 1, 0, 1, 1]	12970.2	7	0.8210794342643658
12	[1, 0, 0, 1, 0, 0, 0, 0, 0]	12955.0	2	0.748805817470201
12	[0, 1, 0, 1, 0, 1, 1, 0, 1]	16848.2	5	1.0081057640989148
12	[0, 1, 0, 1, 1, 1, 1, 1, 0]	17987.2	6	1.0857142857142856
12	[1, 1, 0, 1, 0, 0, 0, 0, 0]	13179.0	3	0.7755448318804482
12	[1, 0, 0, 1, 0, 0, 0, 0, 0]	12959.2	2	0.749039316847536
13	[1, 0, 0, 1, 0, 0, 0, 0, 0]	12973.4	2	0.7250266581360632
13	[1, 0, 0, 1, 0, 0, 0, 0, 0]	13033.2	2	0.7282149712092131
13	[1, 0, 0, 1, 0, 0, 0, 0, 0]	13005.0	2	0.7267114523352527
13	[1, 1, 0, 0, 0, 0, 0, 0, 0]	14942.6	2	0.8300170612070804
13	[0, 0, 0, 1, 1, 1, 1, 1, 0]	17964.4	5	1.0411281723181915
13	[0, 1, 1, 1, 0, 1, 0, 1, 1]	18756.0	6	1.1
13	[0, 0, 0, 0, 0, 0, 0, 0, 1]	16005.4	1	0.8700149285561953
13	[0, 1, 1, 1, 1, 0, 1, 1, 0]	18462.8	6	1.0843676690125825
13	[1, 0, 1, 1, 0, 0, 0, 0, 0]	13044.4	3	0.7454787801236937
13	[1, 1, 0, 1, 0, 0, 0, 0, 0]	12965.0	3	0.7412454681168693
14	[1, 0, 0, 1, 0, 0, 0, 0, 0]	12986.2	2	0.7362811246702555
14	[1, 0, 0, 1, 0, 0, 0, 0, 0]	13105.4	2	0.7426722714307161
14	[1, 0, 0, 1, 0, 0, 0, 0, 0]	12986.6	2	0.7363025714714652
14	[1, 1, 0, 1, 0, 0, 0, 0, 0]	13047.0	3	0.7595410384541146
14	[0, 0, 0, 1, 1, 1, 1, 1, 0]	18650.8	5	1.1
14	[1, 0, 1, 1, 0, 0, 0, 0, 0]	12922.8	3	0.7528818066785339
14	[1, 0, 0, 1, 0, 0, 0, 0, 0]	12995.8	2	0.7367958478992859
14	[1, 1, 0, 0, 0, 0, 0, 0, 0]	15055.0	2	0.8472039805263045
14	[1, 1, 0, 0, 0, 0, 0, 0, 0]	15004.4	2	0.8444909601732902
14	[1, 0, 0, 1, 0, 0, 0, 0, 0]	12920.4	2	0.7327531258712764
15	[1, 0, 0, 1, 0, 0, 0, 0, 0]	13013.2	2	0.8647916249248648
15	[1, 0, 0, 1, 0, 0, 0, 0, 0]	12925.0	2	0.8592691845321578
15	[1, 0, 0, 1, 0, 0, 0, 0, 0]	12938.8	2	0.860133239831697
15	[1, 1, 0, 1, 0, 0, 1, 0, 0]	12931.4	4	0.9096699058304948
15	[1, 0, 0, 1, 0, 1, 1, 0, 0]	12985.8	4	0.9130760368663593
15	[1, 1, 0, 0, 0, 0, 0, 0, 0]	14900.6	2	0.9829668403125627
15	[1, 0, 0, 1, 0, 0, 1, 0, 0]	13002.0	3	0.8890903626527751
15	[1, 0, 1, 1, 0, 1, 0, 0, 0]	12921.6	4	0.9090563013424163
15	[1, 1, 0, 0, 1, 0, 0, 0, 0]	14933.2	3	1.0100080144259667
15	[0, 1, 0, 1, 0, 0, 0, 0, 0]	15971.2	2	1.05
16	[1, 0, 0, 1, 0, 0, 0, 0, 0]	12998.6	2	0.8846024938040142
16	[1, 0, 0, 1, 0, 0, 0, 0, 0]	12995.4	2	0.8843970310633981
16	[1, 0, 0, 1, 0, 0, 0, 0, 0]	13066.6	2	0.8889685770421071
16	[1, 1, 0, 1, 0, 0, 0, 0, 0]	12965.0	3	0.9074451350275448
16	[1, 1, 0, 0, 1, 0, 1, 0, 0]	15194.8	4	1.0756141409731228
16	[0, 1, 0, 1, 0, 0, 1, 0, 0]	15574.6	3	1.075
16	[1, 0, 0, 1, 0, 0, 0, 0, 0]	12927.8	2	0.8800566306678823
16	[1, 1, 0, 1, 0, 0, 0, 0, 0]	13059.2	3	0.9134934444544323
16	[0, 0, 0, 1, 0, 1, 1, 0, 0]	14949.0	3	1.0348320342095463
16	[1, 1, 0, 1, 0, 0, 1, 0, 0]	12971.8	4	0.932881743351354
17	[1, 0, 0, 1, 0, 0, 0, 0, 0]	13048.6	2	0.8413806069721744
17	[1, 0, 0, 1, 0, 0, 0, 0, 0]	12982.0	2	0.8373414036534775
17	[1, 0, 0, 1, 0, 0, 0, 0, 0]	12942.8	2	0.8349639746731035
17	[0, 0, 0, 1, 1, 0, 0, 0, 0]	16208.8	2	1.0330426239052908
17	[0, 0, 0, 1, 0, 0, 0, 0, 0]	14957.0	1	0.9321225831493656
17	[1, 1, 0, 0, 1, 0, 1, 0, 0]	15714.6	4	1.0530700371170034
17	[0, 0, 0, 0, 0, 0, 1, 0, 0]	16488.4	1	1.025
17	[1, 1, 0, 0, 0, 0, 0, 0, 1]	15278.6	3	1.0016272045801897
17	[1, 1, 0, 0, 0, 0, 0, 0, 0]	15119.0	2	0.9669476723029523
17	[1, 1, 0, 1, 0, 0, 1, 0, 0]	12969.2	4	0.8865651003129472
18	[1, 0, 0, 1, 0, 0, 0, 0, 0]	12783.8	2	0.8532648855153694
18	[1, 0, 0, 1, 0, 0, 0, 0, 0]	12868.8	2	0.8586058260235756
18	[1, 0, 0, 1, 0, 0, 0, 0, 0]	12964.8	2	0.8646379470681379
18	[1, 0, 0, 0, 0, 0, 1, 1, 0]	15540.0	3	1.0514495940885213
18	[1, 1, 0, 0, 1, 0, 1, 0, 0]	14847.4	4	1.032930354135773
18	[1, 1, 0, 0, 1, 0, 0, 0, 1]	15274.0	4	1.0597355920275469
18	[0, 0, 0, 1, 1, 0, 1, 0, 0]	15018.2	3	1.0186625028275569
18	[1, 0, 0, 0, 1, 0, 0, 0, 1]	15417.2	3	1.043733505919019
18	[1, 1, 0, 0, 1, 0, 1, 0, 0]	14839.4	4	1.0324276773820595
18	[0, 0, 0, 1, 1, 1, 1, 0, 0]	15914.8	4	1.1
19	[1, 0, 0, 1, 0, 0, 0, 0, 0]	12935.4	2	0.821921658491174
19	[1, 0, 0, 1, 0, 0, 0, 0, 0]	13031.0	2	0.8276266007853247
19	[1, 0, 0, 1, 0, 0, 0, 0, 0]	12939.4	2	0.8221603590055736
19	[0, 1, 0, 0, 1, 1, 1, 0, 0]	16757.4	4	1.1
19	[0, 0, 0, 1, 1, 0, 1, 0, 1]	15257.8	4	1.0105111771515867
19	[1, 1, 0, 0, 1, 0, 0, 0, 1]	15194.2	4	1.006715838972633
19	[1, 0, 0, 0, 0, 0, 0, 0, 0]	15176.0	1	0.9306297516321147
19	[1, 0, 1, 0, 1, 0, 1, 0, 0]	15055.6	4	0.9984448661486864
19	[0, 0, 0, 1, 1, 0, 0, 0, 1]	15549.6	3	1.0029243796770382
19	[1, 0, 0, 1, 0, 0, 0, 0, 0]	12911.2	2	0.8204775203790564
