INFO_TYPES: robot_position	robot_led_status	robot_lifter_status	robot_heading	robot_speed_status	robot_task_id	robot_pheromone_map	chosen_door	waypoint
generation	genome	ave_time	tot_weight	fitness
0	[1, 1, 0, 0, 0, 1, 1, 0, 0]	21829.0	4	14.2
0	[0, 1, 0, 0, 0, 1, 1, 0, 1]	21655.0	4	13.0
0	[0, 0, 0, 1, 1, 0, 0, 1, 0]	23688.0	3	14.8
0	[1, 0, 0, 1, 0, 1, 0, 0, 0]	4493.0	3	1.6
0	[1, 1, 1, 1, 1, 0, 1, 0, 0]	6450.0	6	11.8
0	[0, 1, 0, 1, 0, 0, 1, 0, 1]	22649.0	4	16.8
0	[0, 1, 1, 0, 0, 0, 0, 1, 0]	19168.0	3	9.4
0	[0, 0, 1, 1, 0, 1, 0, 0, 1]	19747.0	4	13.600000000000001
0	[1, 1, 1, 0, 1, 0, 0, 0, 1]	22906.0	5	20.2
0	[1, 1, 0, 0, 1, 1, 1, 1, 0]	21758.0	6	19.6
0	[1, 0, 1, 1, 0, 1, 1, 0, 0]	8372.0	5	12.0
0	[1, 1, 0, 1, 0, 0, 1, 1, 1]	4709.0	6	11.4
0	[1, 0, 0, 0, 0, 0, 0, 0, 1]	18805.0	2	6.0
0	[1, 0, 1, 1, 0, 1, 1, 0, 1]	5825.0	6	13.200000000000001
0	[0, 0, 0, 1, 0, 1, 0, 1, 1]	18727.0	4	11.4
1	[1, 0, 0, 1, 0, 1, 0, 0, 0]	6200.0	3	4.4
1	[1, 0, 0, 0, 0, 0, 0, 0, 1]	22641.0	2	14.0
1	[0, 1, 1, 0, 0, 0, 0, 1, 0]	19695.0	3	12.2
1	[1, 1, 0, 1, 0, 0, 1, 1, 1]	5236.0	6	11.4
1	[0, 0, 0, 1, 0, 1, 0, 1, 1]	20225.0	4	20.8
1	[1, 1, 1, 1, 1, 0, 1, 0, 0]	7380.0	6	15.200000000000001
1	[0, 0, 0, 1, 0, 1, 0, 0, 0]	20563.0	2	13.8
1	[1, 0, 0, 1, 0, 1, 0, 1, 1]	4488.0	5	9.600000000000001
1	[1, 1, 0, 0, 0, 0, 0, 0, 1]	19748.0	3	14.0
1	[1, 0, 0, 0, 0, 0, 0, 1, 1]	19181.0	3	12.8
1	[0, 0, 0, 0, 0, 1, 0, 1, 1]	18953.0	3	12.600000000000001
1	[1, 0, 0, 0, 0, 0, 0, 0, 1]	16693.0	2	7.6
1	[1, 0, 0, 1, 0, 1, 0, 0, 0]	7857.0	3	11.4
1	[1, 0, 0, 0, 0, 1, 0, 0, 1]	19904.0	3	18.2
1	[1, 0, 0, 1, 0, 1, 0, 0, 0]	6550.0	3	11.0
2	[1, 0, 0, 1, 0, 1, 0, 0, 0]	9040.0	3	11.6
2	[1, 0, 0, 0, 0, 0, 0, 0, 1]	20929.0	2	13.0
2	[1, 0, 0, 1, 0, 1, 0, 1, 1]	7918.0	5	14.2
2	[1, 0, 0, 1, 0, 1, 0, 0, 0]	8306.0	3	10.4
2	[1, 1, 0, 1, 0, 0, 1, 1, 1]	8695.0	6	19.4
2	[1, 0, 0, 1, 0, 1, 0, 0, 0]	4702.0	3	4.2
2	[1, 0, 1, 1, 0, 1, 0, 0, 1]	6709.0	5	14.0
2	[1, 0, 0, 0, 0, 0, 0, 0, 1]	19631.0	2	12.8
2	[1, 1, 0, 1, 0, 1, 1, 1, 0]	5436.0	6	14.200000000000001
2	[1, 0, 0, 1, 0, 0, 0, 0, 1]	6367.0	3	9.0
2	[1, 0, 0, 1, 0, 1, 0, 0, 0]	4511.0	3	4.800000000000001
2	[1, 0, 0, 0, 0, 1, 0, 0, 1]	21779.0	3	19.6
2	[1, 1, 0, 1, 0, 1, 0, 0, 0]	11427.0	4	17.4
2	[1, 0, 0, 1, 0, 0, 1, 1, 1]	5982.0	5	12.8
2	[1, 0, 0, 1, 0, 1, 0, 1, 1]	4917.0	5	11.600000000000001
3	[1, 0, 0, 1, 0, 1, 0, 0, 0]	7796.0	3	9.0
3	[1, 0, 0, 1, 0, 1, 0, 0, 0]	4579.0	3	1.8
3	[1, 0, 0, 1, 0, 0, 0, 0, 1]	8216.0	3	11.6
3	[1, 0, 0, 1, 0, 1, 0, 0, 0]	8813.0	3	13.4
3	[1, 0, 0, 1, 0, 1, 0, 0, 0]	4812.0	3	6.2
3	[1, 0, 0, 1, 0, 1, 0, 1, 1]	4586.0	5	10.8
3	[1, 0, 0, 1, 0, 1, 0, 0, 0]	11164.0	3	17.0
3	[1, 0, 0, 1, 1, 1, 0, 0, 0]	5445.0	4	13.0
3	[1, 0, 0, 1, 0, 1, 0, 1, 1]	4831.0	5	13.600000000000001
3	[1, 0, 0, 1, 0, 1, 0, 0, 0]	6412.0	3	11.8
3	[1, 0, 0, 1, 0, 1, 0, 0, 0]	9963.0	3	17.6
3	[1, 0, 0, 1, 1, 1, 0, 1, 1]	5894.0	6	17.200000000000003
3	[1, 0, 0, 1, 0, 1, 0, 1, 1]	4383.0	5	10.4
3	[0, 0, 0, 1, 0, 1, 1, 0, 0]	20699.0	3	20.4
3	[1, 0, 0, 1, 0, 1, 0, 0, 0]	7041.0	3	15.2
4	[1, 0, 0, 1, 0, 1, 0, 0, 0]	4508.0	3	0.8
4	[1, 0, 0, 1, 0, 1, 0, 0, 0]	8217.0	3	12.6
4	[1, 0, 0, 1, 0, 1, 0, 0, 0]	10893.0	3	15.4
4	[1, 0, 0, 1, 0, 1, 0, 1, 1]	5930.0	5	16.6
4	[1, 0, 0, 1, 0, 1, 0, 1, 1]	6764.0	5	18.4
4	[1, 0, 0, 1, 0, 0, 0, 0, 1]	4989.0	3	6.2
4	[1, 0, 0, 1, 0, 1, 0, 0, 0]	5793.0	3	9.0
4	[1, 0, 0, 1, 0, 1, 0, 1, 1]	9579.0	5	23.200000000000003
4	[1, 0, 0, 1, 0, 1, 0, 1, 0]	5323.0	4	12.0
4	[1, 1, 0, 1, 0, 0, 0, 0, 0]	8058.0	3	14.8
4	[1, 0, 0, 0, 0, 0, 0, 0, 0]	21075.0	1	14.0
4	[1, 0, 0, 1, 0, 1, 0, 0, 0]	4905.0	3	7.6000000000000005
4	[1, 1, 0, 1, 0, 1, 0, 0, 0]	5879.0	4	14.8
4	[1, 0, 0, 1, 0, 1, 0, 0, 0]	7384.0	3	15.4
4	[1, 0, 0, 1, 0, 1, 0, 0, 0]	4885.0	3	8.2
5	[1, 0, 0, 1, 0, 1, 0, 0, 0]	10274.0	3	11.8
5	[1, 0, 0, 1, 0, 0, 0, 0, 1]	5688.0	3	7.6
5	[1, 0, 0, 1, 0, 1, 0, 0, 0]	7056.0	3	9.4
5	[1, 0, 0, 1, 0, 1, 0, 0, 0]	9216.0	3	13.2
5	[1, 0, 0, 1, 0, 1, 0, 0, 0]	5387.0	3	8.0
5	[1, 0, 0, 1, 0, 1, 0, 1, 0]	5416.0	4	13.8
5	[1, 0, 0, 1, 0, 1, 0, 0, 0]	4565.0	3	5.800000000000001
5	[1, 0, 0, 1, 0, 1, 0, 0, 0]	4636.0	3	7.6000000000000005
5	[1, 0, 0, 0, 0, 1, 0, 0, 0]	19998.0	2	14.0
5	[1, 0, 0, 1, 1, 1, 1, 0, 0]	4374.0	5	11.200000000000001
5	[0, 1, 0, 1, 0, 1, 0, 0, 0]	19784.0	3	19.4
5	[1, 0, 0, 1, 0, 1, 0, 0, 0]	5309.0	3	10.2
5	[1, 0, 0, 1, 0, 1, 0, 0, 1]	8394.0	4	18.6
5	[1, 0, 0, 1, 0, 1, 0, 0, 0]	8085.0	3	16.0
5	[0, 1, 0, 1, 0, 1, 0, 0, 1]	18960.0	4	22.4
6	[1, 0, 0, 1, 0, 1, 0, 0, 0]	5051.0	3	8.0
6	[1, 0, 0, 1, 0, 0, 0, 0, 1]	4483.0	3	2.8
6	[1, 0, 0, 1, 0, 1, 0, 0, 0]	4879.0	3	7.6
6	[1, 0, 0, 1, 0, 1, 0, 0, 0]	4735.0	3	6.4
6	[1, 0, 0, 1, 0, 1, 0, 0, 0]	8249.0	3	16.2
6	[1, 0, 0, 1, 0, 1, 0, 0, 0]	9116.0	3	18.0
6	[1, 0, 0, 1, 0, 1, 0, 0, 0]	4817.0	3	9.8
6	[1, 0, 0, 1, 0, 1, 0, 0, 0]	6719.0	3	16.6
6	[1, 0, 0, 1, 0, 1, 0, 0, 1]	5448.0	4	19.4
6	[1, 0, 0, 1, 0, 1, 0, 0, 0]	4346.0	3	6.4
6	[1, 0, 0, 1, 0, 0, 0, 0, 1]	4408.0	3	8.2
6	[1, 0, 0, 1, 0, 1, 0, 0, 0]	4635.0	3	11.0
6	[1, 0, 0, 1, 0, 1, 1, 0, 0]	6292.0	4	21.200000000000003
6	[1, 0, 0, 1, 0, 1, 0, 0, 0]	7969.0	3	20.8
6	[1, 0, 0, 1, 0, 1, 0, 0, 0]	4990.0	3	16.6
7	[1, 0, 0, 1, 0, 0, 0, 0, 1]	4965.0	3	7.4
7	[1, 0, 0, 1, 0, 1, 0, 0, 0]	4585.0	3	4.2
7	[1, 0, 0, 1, 0, 1, 0, 0, 0]	8018.0	3	13.0
7	[1, 0, 0, 1, 0, 1, 0, 0, 0]	4778.0	3	6.800000000000001
7	[1, 0, 0, 1, 0, 1, 0, 0, 0]	4874.0	3	8.600000000000001
7	[1, 0, 0, 1, 0, 0, 0, 0, 1]	5530.0	3	12.4
7	[1, 0, 0, 1, 0, 0, 1, 0, 0]	5667.0	3	14.2
7	[1, 0, 0, 0, 0, 1, 0, 0, 1]	21119.0	3	22.0
7	[1, 0, 0, 1, 0, 0, 0, 0, 0]	9055.0	2	10.0
7	[1, 0, 0, 0, 0, 1, 0, 0, 1]	18482.0	3	20.8
7	[1, 0, 0, 1, 0, 1, 0, 0, 1]	4912.0	4	15.200000000000001
7	[1, 0, 0, 0, 0, 1, 0, 0, 0]	16014.0	2	11.8
7	[1, 0, 0, 1, 0, 1, 0, 0, 0]	7712.0	3	17.6
7	[1, 0, 0, 0, 0, 1, 0, 0, 0]	19002.0	2	14.6
7	[1, 0, 0, 1, 0, 1, 0, 0, 0]	4361.0	3	10.4
8	[1, 0, 0, 1, 0, 1, 0, 0, 0]	6754.0	3	14.2
8	[1, 0, 0, 1, 0, 1, 0, 0, 0]	4644.0	3	6.0
8	[1, 0, 0, 1, 0, 0, 0, 0, 1]	5572.0	3	10.8
8	[1, 0, 0, 1, 0, 1, 0, 0, 0]	7036.0	3	17.6
8	[1, 0, 0, 1, 0, 0, 0, 0, 0]	5645.0	2	9.0
8	[1, 0, 0, 1, 0, 1, 0, 0, 0]	4680.0	3	10.4
8	[1, 0, 0, 1, 0, 1, 0, 0, 0]	4670.0	3	10.2
8	[0, 0, 0, 1, 0, 1, 0, 0, 0]	18632.0	2	13.8
8	[1, 0, 0, 1, 0, 0, 0, 0, 0]	5586.0	2	9.6
8	[1, 0, 0, 1, 0, 1, 0, 0, 0]	4558.0	3	8.0
8	[1, 0, 0, 1, 0, 1, 0, 0, 0]	4583.0	3	9.8
8	[1, 0, 0, 1, 0, 1, 0, 0, 0]	5580.0	3	16.6
8	[1, 0, 0, 1, 0, 1, 0, 1, 0]	5106.0	4	16.200000000000003
8	[0, 0, 0, 0, 0, 1, 0, 0, 1]	18779.0	2	16.4
8	[1, 0, 0, 1, 0, 0, 0, 0, 1]	6079.0	3	20.4
9	[1, 0, 0, 1, 0, 1, 0, 0, 0]	4695.0	3	9.0
9	[1, 0, 0, 1, 0, 1, 0, 0, 0]	5737.0	3	14.8
9	[1, 0, 0, 1, 0, 0, 0, 0, 0]	6875.0	2	12.8
9	[1, 0, 0, 1, 0, 0, 0, 0, 0]	4400.0	2	1.6
9	[1, 0, 0, 1, 0, 1, 0, 0, 0]	5673.0	3	14.600000000000001
9	[1, 0, 0, 1, 0, 1, 0, 0, 0]	4672.0	3	9.4
9	[1, 0, 0, 0, 0, 0, 0, 0, 0]	21698.0	1	14.0
9	[1, 0, 0, 1, 0, 0, 1, 0, 0]	4473.0	3	8.2
9	[1, 0, 0, 1, 1, 0, 0, 0, 0]	4694.0	3	12.0
9	[1, 0, 0, 1, 0, 1, 0, 0, 0]	5386.0	3	16.8
9	[1, 0, 0, 1, 0, 0, 0, 0, 0]	5049.0	2	9.4
9	[1, 0, 0, 1, 0, 1, 0, 0, 0]	5960.0	3	20.6
9	[1, 0, 0, 1, 0, 1, 0, 0, 1]	4902.0	4	17.200000000000003
9	[1, 0, 0, 0, 0, 1, 0, 0, 0]	21251.0	2	16.2
9	[1, 0, 0, 1, 0, 1, 0, 0, 0]	4502.0	3	12.4
10	[1, 0, 0, 1, 0, 0, 0, 0, 0]	4905.0	2	3.0
10	[1, 0, 0, 1, 0, 0, 1, 0, 0]	5626.0	3	10.2
10	[1, 0, 0, 1, 0, 1, 0, 0, 0]	8746.0	3	17.0
10	[1, 0, 0, 1, 0, 1, 0, 0, 0]	6836.0	3	14.8
10	[1, 0, 0, 1, 0, 0, 0, 0, 0]	6237.0	2	8.8
10	[1, 0, 0, 1, 1, 0, 0, 0, 0]	7888.0	3	17.6
10	[1, 0, 0, 1, 0, 0, 1, 0, 0]	4961.0	3	10.4
10	[1, 0, 0, 1, 0, 1, 0, 0, 0]	4704.0	3	9.2
10	[1, 1, 1, 1, 0, 0, 0, 0, 0]	4642.0	4	11.4
10	[1, 0, 0, 1, 0, 0, 0, 0, 0]	6878.0	2	12.6
10	[1, 0, 0, 1, 0, 0, 1, 0, 0]	5097.0	3	13.0
10	[1, 0, 0, 1, 0, 0, 1, 0, 0]	9869.0	3	22.8
10	[1, 0, 0, 1, 1, 0, 1, 1, 0]	5250.0	5	17.200000000000003
10	[1, 1, 0, 1, 0, 0, 0, 0, 0]	4477.0	3	9.600000000000001
10	[1, 0, 0, 1, 0, 0, 0, 0, 0]	6775.0	2	11.4
11	[1, 0, 0, 1, 0, 0, 0, 0, 0]	7275.0	2	11.0
11	[1, 0, 0, 1, 0, 0, 0, 0, 0]	4893.0	2	1.8
11	[1, 0, 0, 1, 0, 1, 0, 0, 0]	5023.0	3	6.800000000000001
11	[1, 1, 0, 1, 0, 0, 0, 0, 0]	6425.0	3	12.600000000000001
11	[1, 0, 0, 1, 0, 0, 1, 0, 0]	6642.0	3	16.4
11	[1, 0, 0, 1, 0, 0, 1, 0, 0]	6534.0	3	16.2
11	[1, 0, 0, 1, 0, 1, 0, 0, 0]	6526.0	3	16.0
11	[0, 1, 0, 1, 0, 0, 0, 0, 0]	21333.0	2	15.6
11	[1, 0, 0, 1, 1, 0, 0, 0, 0]	6006.0	3	13.8
11	[1, 0, 0, 1, 0, 0, 0, 0, 0]	8075.0	2	14.4
11	[1, 0, 0, 1, 0, 0, 0, 0, 0]	5506.0	2	7.2
11	[1, 0, 0, 1, 0, 1, 0, 0, 0]	6306.0	3	15.600000000000001
11	[1, 1, 1, 1, 0, 1, 0, 0, 0]	4551.0	5	11.200000000000001
11	[1, 0, 1, 1, 0, 1, 0, 0, 0]	5387.0	4	13.4
11	[1, 0, 0, 0, 0, 1, 0, 0, 0]	17696.0	2	17.0
12	[1, 0, 0, 1, 0, 0, 0, 0, 0]	5626.0	2	5.0
12	[1, 0, 0, 1, 0, 1, 0, 0, 0]	6963.0	3	12.8
12	[1, 0, 0, 1, 0, 0, 0, 0, 0]	5465.0	2	4.8
12	[1, 0, 0, 1, 0, 0, 0, 0, 0]	7776.0	2	12.6
12	[1, 1, 1, 1, 0, 1, 0, 0, 0]	5408.0	5	14.200000000000001
12	[1, 1, 0, 1, 0, 0, 0, 0, 0]	6853.0	3	12.600000000000001
12	[1, 0, 0, 1, 0, 1, 0, 0, 0]	8754.0	3	18.4
12	[1, 0, 0, 1, 0, 1, 0, 0, 0]	4817.0	3	9.2
12	[1, 0, 0, 1, 0, 0, 0, 0, 0]	7300.0	2	12.4
12	[1, 0, 0, 1, 0, 1, 0, 0, 0]	6542.0	3	14.0
12	[1, 1, 0, 1, 0, 0, 0, 0, 0]	4571.0	3	9.8
12	[1, 0, 0, 0, 0, 1, 0, 0, 0]	20614.0	2	17.2
12	[1, 0, 0, 1, 0, 0, 0, 0, 0]	4350.0	2	4.0
12	[1, 1, 0, 1, 0, 0, 0, 0, 1]	7127.0	4	19.4
12	[1, 0, 0, 1, 1, 0, 0, 0, 0]	8817.0	3	22.6
13	[1, 0, 0, 1, 0, 0, 0, 0, 0]	5349.0	2	7.8
13	[1, 0, 0, 1, 0, 0, 0, 0, 0]	4445.0	2	1.6
13	[1, 0, 0, 1, 0, 0, 0, 0, 0]	5683.0	2	11.4
13	[1, 0, 0, 1, 0, 1, 0, 0, 0]	4908.0	3	11.4
13	[1, 1, 0, 1, 0, 0, 0, 0, 0]	5630.0	3	15.2
13	[1, 0, 0, 1, 0, 0, 0, 0, 0]	4631.0	2	6.2
13	[1, 0, 0, 1, 0, 1, 0, 0, 0]	4586.0	3	10.0
13	[1, 0, 0, 1, 0, 1, 0, 0, 0]	6347.0	3	19.8
13	[1, 0, 0, 1, 0, 0, 0, 0, 0]	4639.0	2	8.0
13	[1, 0, 0, 1, 0, 0, 0, 0, 0]	7857.0	2	17.8
13	[1, 0, 0, 1, 0, 0, 0, 0, 0]	5037.0	2	11.600000000000001
13	[1, 0, 0, 1, 0, 1, 0, 0, 0]	4572.0	3	10.600000000000001
13	[1, 0, 0, 1, 1, 0, 0, 0, 0]	7089.0	3	22.4
13	[0, 0, 0, 1, 0, 0, 0, 0, 0]	19306.0	1	14.0
13	[1, 0, 0, 1, 0, 1, 0, 0, 0]	5849.0	3	21.200000000000003
14	[1, 0, 0, 1, 0, 0, 0, 0, 0]	4475.0	2	1.0
14	[1, 0, 0, 1, 0, 0, 0, 0, 0]	8983.0	2	11.8
14	[1, 0, 0, 1, 0, 0, 0, 0, 0]	9670.0	2	13.6
14	[1, 0, 0, 1, 0, 0, 0, 0, 0]	6699.0	2	10.4
14	[1, 0, 0, 1, 0, 1, 0, 0, 0]	4412.0	3	5.6000000000000005
14	[1, 0, 0, 1, 0, 1, 0, 0, 0]	5447.0	3	12.4
14	[1, 0, 0, 1, 0, 0, 1, 0, 0]	5153.0	3	10.2
14	[1, 0, 0, 1, 0, 1, 0, 0, 0]	7027.0	3	17.0
14	[1, 0, 0, 1, 0, 0, 0, 0, 0]	9714.0	2	17.2
14	[1, 0, 0, 1, 0, 0, 0, 0, 0]	9702.0	2	17.0
14	[1, 0, 0, 1, 0, 0, 0, 0, 0]	5287.0	2	9.8
14	[1, 0, 0, 1, 0, 1, 0, 0, 0]	6646.0	3	15.8
14	[1, 0, 1, 1, 0, 0, 0, 0, 0]	7312.0	3	19.6
14	[1, 1, 1, 1, 0, 0, 0, 0, 0]	4710.0	4	12.4
14	[1, 0, 0, 1, 0, 1, 0, 0, 1]	5218.0	4	15.200000000000001
15	[1, 0, 0, 1, 0, 0, 0, 0, 0]	7074.0	2	10.0
15	[1, 0, 0, 1, 0, 1, 0, 0, 0]	5036.0	3	9.0
15	[1, 0, 0, 1, 0, 0, 0, 0, 0]	5107.0	2	2.8
15	[1, 0, 0, 1, 0, 0, 1, 0, 0]	5543.0	3	11.8
15	[1, 0, 0, 1, 0, 0, 0, 0, 0]	5848.0	2	7.6
15	[1, 0, 0, 1, 0, 0, 0, 0, 0]	5544.0	2	6.4
15	[0, 0, 0, 1, 0, 0, 1, 0, 0]	24997.0	2	17.2
15	[1, 0, 0, 1, 0, 0, 0, 0, 0]	5699.0	2	9.0
15	[1, 0, 0, 1, 0, 1, 0, 0, 0]	10246.0	3	22.6
15	[1, 0, 0, 1, 0, 1, 0, 0, 0]	6829.0	3	19.4
15	[1, 0, 0, 1, 1, 0, 0, 1, 0]	4675.0	4	11.200000000000001
15	[1, 0, 0, 1, 0, 0, 0, 0, 0]	6170.0	2	12.8
15	[1, 0, 0, 1, 0, 0, 0, 0, 0]	8679.0	2	17.6
15	[1, 0, 0, 1, 0, 0, 0, 0, 0]	6072.0	2	13.4
15	[1, 0, 0, 1, 0, 0, 0, 0, 0]	8228.0	2	18.2
16	[1, 0, 0, 1, 0, 0, 0, 0, 0]	5443.0	2	6.8
16	[1, 0, 0, 1, 0, 0, 0, 0, 0]	5260.0	2	6.6
16	[1, 0, 0, 1, 0, 0, 0, 0, 0]	7823.0	2	12.4
16	[1, 0, 0, 1, 0, 1, 0, 0, 0]	4996.0	3	11.8
16	[1, 0, 0, 1, 0, 0, 0, 0, 0]	6517.0	2	12.2
16	[1, 0, 0, 1, 0, 0, 0, 0, 0]	8869.0	2	15.0
16	[1, 0, 0, 1, 0, 0, 1, 0, 0]	8979.0	3	21.6
16	[1, 0, 0, 0, 0, 0, 0, 0, 0]	18922.0	1	13.0
16	[0, 0, 1, 1, 0, 0, 0, 0, 0]	19792.0	2	18.8
16	[1, 0, 0, 1, 0, 0, 0, 0, 0]	4496.0	2	7.6000000000000005
16	[1, 0, 0, 1, 0, 0, 0, 0, 0]	5889.0	2	13.4
16	[1, 0, 0, 1, 0, 0, 0, 0, 0]	4404.0	2	7.2
16	[1, 0, 0, 1, 0, 0, 0, 0, 0]	5239.0	2	12.0
16	[1, 0, 0, 1, 0, 1, 0, 0, 0]	4479.0	3	11.4
16	[1, 0, 0, 1, 0, 1, 0, 0, 0]	6441.0	3	19.200000000000003
17	[1, 0, 0, 1, 0, 0, 0, 0, 0]	4496.0	2	1.0
17	[1, 0, 0, 1, 0, 0, 0, 0, 0]	7286.0	2	10.8
17	[1, 0, 0, 1, 0, 0, 0, 0, 0]	4447.0	2	1.6
17	[1, 0, 0, 1, 0, 0, 0, 0, 0]	8573.0	2	16.4
17	[1, 0, 0, 1, 0, 1, 0, 0, 0]	8337.0	3	21.8
17	[1, 0, 0, 1, 0, 1, 0, 0, 0]	5388.0	3	13.600000000000001
17	[1, 0, 0, 1, 0, 0, 0, 0, 0]	7291.0	2	14.2
17	[1, 0, 0, 1, 0, 0, 0, 0, 0]	5212.0	2	7.0
17	[1, 0, 0, 1, 0, 0, 0, 0, 0]	6122.0	2	10.8
17	[1, 0, 0, 1, 0, 1, 0, 0, 0]	7193.0	3	18.4
17	[1, 1, 0, 1, 0, 0, 0, 0, 0]	5091.0	3	13.200000000000001
17	[1, 0, 0, 1, 0, 0, 0, 0, 0]	6453.0	2	12.600000000000001
17	[1, 0, 0, 1, 0, 0, 0, 0, 0]	7685.0	2	18.4
17	[1, 0, 0, 1, 0, 0, 0, 0, 0]	7207.0	2	16.2
17	[1, 0, 0, 1, 0, 0, 0, 0, 0]	5632.0	2	13.0
18	[1, 0, 0, 1, 0, 0, 0, 0, 0]	4938.0	2	5.8
18	[1, 0, 0, 1, 0, 0, 0, 0, 0]	5155.0	2	8.6
18	[1, 0, 0, 1, 0, 0, 0, 0, 0]	7292.0	2	12.4
18	[1, 0, 0, 1, 0, 0, 0, 0, 0]	4727.0	2	5.2
18	[1, 0, 0, 1, 0, 0, 0, 0, 0]	4962.0	2	10.0
18	[1, 0, 0, 1, 0, 0, 0, 0, 0]	4565.0	2	4.800000000000001
18	[1, 0, 0, 1, 0, 0, 0, 0, 0]	5602.0	2	13.600000000000001
18	[1, 0, 0, 1, 0, 0, 0, 0, 1]	10264.0	3	22.6
18	[1, 0, 0, 1, 0, 0, 0, 0, 0]	9791.0	2	18.4
18	[1, 0, 0, 1, 0, 0, 1, 0, 0]	5914.0	3	19.4
18	[1, 0, 0, 1, 0, 0, 0, 0, 0]	4795.0	2	11.2
18	[1, 0, 0, 0, 0, 0, 0, 0, 0]	18871.0	1	14.0
18	[1, 0, 0, 1, 0, 0, 0, 0, 0]	4713.0	2	9.0
18	[1, 0, 0, 1, 0, 0, 0, 0, 0]	4741.0	2	11.8
18	[1, 0, 1, 1, 1, 0, 0, 0, 0]	9361.0	4	22.200000000000003
19	[1, 0, 0, 1, 0, 0, 0, 0, 0]	4900.0	2	7.0
19	[1, 0, 0, 1, 0, 0, 0, 0, 0]	4409.0	2	0.8
19	[1, 0, 0, 1, 0, 0, 0, 0, 0]	4839.0	2	5.6
19	[1, 0, 0, 1, 0, 0, 0, 0, 0]	5506.0	2	12.4
19	[1, 0, 0, 1, 0, 0, 0, 0, 0]	5474.0	2	12.2
19	[1, 0, 0, 1, 0, 0, 0, 0, 0]	5753.0	2	16.0
19	[1, 0, 0, 1, 0, 0, 0, 0, 0]	4863.0	2	10.8
19	[1, 0, 0, 1, 0, 0, 0, 0, 0]	10533.0	2	19.6
19	[1, 0, 0, 1, 0, 0, 0, 0, 0]	4859.0	2	11.4
19	[1, 0, 1, 1, 0, 0, 0, 0, 0]	5338.0	3	18.4
19	[1, 0, 0, 1, 0, 0, 0, 0, 0]	7183.0	2	20.2
19	[1, 0, 0, 1, 1, 0, 0, 0, 0]	4679.0	3	13.200000000000001
19	[1, 0, 0, 1, 0, 0, 0, 0, 0]	5553.0	2	19.0
19	[1, 0, 0, 1, 0, 0, 0, 0, 0]	4733.0	2	11.8
19	[1, 0, 0, 1, 0, 0, 0, 0, 0]	4429.0	2	10.600000000000001
20	[1, 0, 0, 1, 0, 0, 0, 0, 0]	6284.0	2	10.0
20	[1, 0, 0, 1, 0, 0, 0, 0, 0]	5516.0	2	9.8
20	[1, 0, 0, 1, 0, 0, 0, 0, 0]	4223.0	2	1.6
20	[1, 0, 0, 1, 0, 0, 0, 0, 0]	6906.0	2	13.4
20	[1, 0, 0, 1, 0, 0, 0, 0, 0]	4357.0	2	5.2
20	[1, 0, 0, 1, 0, 0, 0, 0, 0]	5424.0	2	12.0
20	[1, 0, 0, 1, 0, 0, 0, 0, 0]	4461.0	2	7.800000000000001
20	[1, 0, 0, 1, 0, 0, 0, 0, 1]	7950.0	3	20.0
20	[1, 0, 0, 1, 0, 1, 0, 0, 0]	5104.0	3	14.8
20	[1, 0, 0, 1, 0, 1, 0, 0, 0]	4567.0	3	13.600000000000001
20	[0, 0, 0, 1, 0, 0, 0, 0, 1]	19480.0	2	19.6
20	[1, 0, 0, 1, 0, 0, 0, 0, 0]	4338.0	2	7.4
20	[1, 0, 0, 1, 0, 0, 0, 0, 0]	5172.0	2	14.2
20	[1, 0, 0, 1, 1, 0, 0, 0, 0]	10394.0	3	23.4
20	[1, 0, 0, 1, 1, 0, 0, 0, 0]	5101.0	3	16.200000000000003
21	[1, 0, 0, 1, 0, 0, 0, 0, 0]	4943.0	2	7.8
21	[1, 0, 0, 1, 0, 0, 0, 0, 0]	4758.0	2	4.6
21	[1, 0, 0, 1, 0, 0, 0, 0, 0]	4929.0	2	8.4
21	[1, 0, 0, 1, 0, 0, 0, 0, 0]	5029.0	2	11.2
21	[1, 0, 0, 1, 0, 0, 0, 0, 0]	5956.0	2	15.0
21	[1, 0, 0, 1, 0, 0, 0, 0, 0]	5064.0	2	13.8
21	[1, 0, 0, 1, 0, 0, 0, 0, 0]	4436.0	2	6.6000000000000005
21	[1, 0, 0, 1, 0, 0, 0, 0, 1]	4834.0	3	15.4
21	[1, 0, 0, 1, 0, 0, 0, 0, 0]	4398.0	2	6.4
21	[1, 0, 0, 1, 0, 0, 0, 0, 0]	4801.0	2	11.2
21	[1, 0, 0, 1, 0, 0, 0, 0, 0]	5494.0	2	18.0
21	[1, 0, 0, 1, 1, 0, 0, 0, 0]	10144.0	3	24.200000000000003
21	[1, 0, 0, 1, 0, 0, 0, 0, 0]	4726.0	2	10.8
21	[1, 0, 0, 1, 0, 0, 0, 0, 0]	9101.0	2	21.6
21	[0, 0, 0, 1, 0, 0, 0, 0, 0]	21707.0	1	14.0
22	[1, 0, 0, 1, 0, 0, 0, 0, 0]	10190.0	2	13.8
22	[1, 0, 0, 1, 0, 0, 0, 0, 0]	5140.0	2	4.6
22	[1, 0, 0, 1, 0, 0, 0, 0, 0]	4767.0	2	3.4000000000000004
22	[1, 0, 0, 1, 0, 0, 0, 0, 0]	4571.0	2	3.2
22	[1, 0, 0, 1, 0, 0, 0, 0, 0]	5547.0	2	10.0
22	[1, 0, 0, 1, 0, 0, 0, 0, 0]	5165.0	2	9.8
22	[1, 0, 0, 1, 0, 0, 0, 0, 0]	6491.0	2	14.600000000000001
22	[1, 0, 0, 1, 0, 0, 0, 0, 0]	4794.0	2	8.4
22	[1, 0, 1, 1, 0, 0, 0, 0, 0]	8532.0	3	21.6
22	[1, 0, 0, 0, 0, 0, 0, 0, 0]	18624.0	1	14.0
22	[1, 0, 0, 1, 0, 0, 0, 0, 0]	5160.0	2	11.2
22	[1, 0, 0, 1, 0, 0, 0, 0, 0]	8419.0	2	19.0
22	[1, 0, 1, 1, 0, 0, 0, 0, 0]	6007.0	3	18.4
22	[1, 0, 0, 1, 0, 0, 0, 0, 0]	6849.0	2	18.8
22	[1, 1, 0, 1, 0, 0, 1, 0, 0]	5753.0	4	18.200000000000003
23	[1, 0, 0, 1, 0, 0, 0, 0, 0]	7467.0	2	12.0
23	[1, 0, 0, 1, 0, 0, 0, 0, 0]	7995.0	2	13.8
23	[1, 0, 0, 1, 0, 0, 0, 0, 0]	4473.0	2	3.6
23	[1, 0, 0, 1, 0, 0, 0, 0, 0]	6968.0	2	11.4
23	[1, 0, 0, 1, 0, 0, 0, 0, 0]	4258.0	2	3.2
23	[1, 0, 0, 1, 0, 0, 0, 0, 0]	4697.0	2	9.0
23	[1, 0, 0, 1, 0, 0, 0, 0, 0]	4409.0	2	5.800000000000001
23	[1, 0, 0, 1, 0, 0, 0, 0, 0]	7375.0	2	15.600000000000001
23	[1, 0, 0, 1, 0, 0, 0, 0, 0]	4595.0	2	10.4
23	[1, 0, 0, 1, 0, 0, 0, 0, 0]	7390.0	2	18.2
23	[1, 0, 0, 1, 0, 0, 0, 0, 0]	6444.0	2	16.0
23	[1, 0, 0, 1, 0, 0, 0, 1, 0]	4573.0	3	13.4
23	[1, 0, 0, 1, 0, 0, 0, 0, 0]	5260.0	2	14.8
23	[1, 0, 0, 1, 0, 0, 1, 0, 0]	9078.0	3	25.200000000000003
23	[1, 0, 0, 1, 0, 0, 0, 0, 0]	5614.0	2	16.6
24	[1, 0, 0, 1, 0, 0, 0, 0, 0]	8769.0	2	11.0
24	[1, 0, 0, 1, 0, 0, 0, 0, 0]	4360.0	2	1.8
24	[1, 0, 0, 1, 0, 0, 0, 0, 0]	5818.0	2	6.6
24	[1, 0, 0, 1, 0, 0, 0, 0, 0]	4311.0	2	2.4000000000000004
24	[1, 0, 0, 1, 0, 0, 0, 0, 0]	6737.0	2	11.2
24	[1, 0, 0, 1, 0, 0, 0, 0, 0]	4362.0	2	6.0
24	[1, 0, 0, 1, 0, 0, 0, 0, 0]	6985.0	2	14.8
24	[1, 0, 0, 1, 0, 0, 0, 0, 0]	6042.0	2	11.600000000000001
24	[1, 0, 0, 1, 0, 0, 0, 0, 0]	10348.0	2	19.4
24	[1, 0, 0, 1, 0, 0, 0, 0, 0]	6841.0	2	16.2
24	[1, 0, 0, 1, 0, 0, 0, 0, 0]	4837.0	2	11.0
24	[1, 0, 0, 1, 0, 0, 0, 0, 0]	5255.0	2	12.8
24	[1, 0, 0, 1, 0, 0, 0, 0, 0]	12432.0	2	23.6
24	[1, 0, 0, 1, 0, 0, 0, 0, 0]	9318.0	2	22.4
24	[1, 0, 0, 1, 0, 0, 0, 0, 0]	6245.0	2	18.200000000000003
25	[1, 0, 0, 1, 0, 0, 0, 0, 0]	7920.0	2	13.0
25	[1, 0, 0, 1, 0, 0, 0, 0, 0]	11376.0	2	14.8
25	[1, 0, 0, 1, 0, 0, 0, 0, 0]	5911.0	2	9.6
25	[1, 0, 0, 1, 0, 0, 0, 0, 0]	5319.0	2	5.4
25	[1, 0, 0, 1, 0, 0, 0, 0, 0]	6867.0	2	12.2
25	[1, 0, 0, 1, 0, 0, 0, 0, 0]	4317.0	2	4.0
25	[1, 0, 0, 1, 0, 0, 0, 0, 0]	4518.0	2	5.800000000000001
25	[1, 0, 0, 1, 0, 0, 0, 0, 0]	5489.0	2	10.600000000000001
25	[1, 0, 0, 1, 0, 0, 1, 0, 0]	7308.0	3	21.4
25	[1, 0, 0, 1, 0, 0, 0, 0, 0]	6969.0	2	16.4
25	[1, 0, 0, 1, 0, 0, 0, 0, 0]	5547.0	2	13.2
25	[1, 0, 0, 1, 0, 0, 0, 0, 0]	4688.0	2	10.0
25	[1, 0, 0, 1, 1, 0, 0, 0, 0]	5462.0	3	15.200000000000001
25	[1, 0, 0, 1, 0, 0, 0, 0, 0]	7408.0	2	20.8
25	[1, 0, 0, 1, 0, 0, 0, 0, 0]	5660.0	2	16.6
26	[1, 0, 0, 1, 0, 0, 0, 0, 0]	7891.0	2	13.0
26	[1, 0, 0, 1, 0, 0, 0, 0, 0]	4617.0	2	1.8
26	[1, 0, 0, 1, 0, 0, 0, 0, 0]	7057.0	2	11.6
26	[1, 0, 0, 1, 0, 0, 0, 0, 0]	4704.0	2	4.4
26	[1, 0, 0, 1, 0, 0, 0, 0, 0]	4373.0	2	3.2
26	[1, 0, 0, 1, 0, 0, 0, 0, 0]	8345.0	2	18.0
26	[1, 0, 0, 1, 0, 0, 0, 0, 0]	4900.0	2	10.8
26	[1, 0, 0, 1, 0, 0, 0, 0, 0]	5174.0	2	14.600000000000001
26	[1, 0, 0, 1, 0, 0, 0, 0, 0]	7583.0	2	18.4
26	[1, 0, 0, 1, 0, 0, 0, 0, 0]	4784.0	2	11.2
26	[1, 0, 0, 1, 0, 0, 0, 0, 0]	7535.0	2	19.0
26	[1, 0, 0, 1, 0, 0, 0, 0, 0]	4705.0	2	11.8
26	[1, 0, 0, 1, 0, 0, 0, 0, 0]	4827.0	2	14.600000000000001
26	[1, 0, 0, 1, 0, 0, 0, 0, 0]	4916.0	2	17.4
26	[1, 0, 0, 1, 0, 0, 0, 0, 0]	5092.0	2	19.200000000000003
27	[1, 0, 0, 1, 0, 0, 0, 0, 0]	5109.0	2	4.0
27	[1, 0, 0, 1, 0, 0, 0, 0, 0]	4537.0	2	1.8
27	[1, 0, 0, 1, 0, 0, 0, 0, 0]	5417.0	2	8.6
27	[1, 0, 0, 1, 0, 0, 0, 0, 0]	7835.0	2	15.4
27	[1, 0, 0, 1, 0, 0, 0, 0, 0]	5335.0	2	9.2
27	[1, 0, 0, 1, 0, 0, 0, 0, 0]	4510.0	2	4.0
27	[1, 0, 0, 1, 0, 0, 0, 0, 0]	5187.0	2	9.8
27	[1, 0, 0, 1, 0, 0, 0, 0, 0]	6098.0	2	15.600000000000001
27	[1, 0, 0, 1, 0, 0, 0, 0, 0]	4803.0	2	9.4
27	[1, 0, 0, 1, 0, 0, 0, 0, 0]	7662.0	2	19.2
27	[1, 0, 0, 1, 0, 0, 0, 0, 0]	9197.0	2	22.0
27	[1, 0, 0, 1, 0, 0, 0, 0, 0]	4623.0	2	10.8
27	[1, 0, 0, 1, 0, 0, 0, 1, 0]	5735.0	3	20.200000000000003
27	[1, 0, 0, 1, 0, 0, 0, 0, 0]	5434.0	2	17.6
27	[1, 0, 0, 1, 0, 0, 0, 0, 0]	7659.0	2	21.4
28	[1, 0, 0, 1, 0, 0, 0, 0, 0]	4726.0	2	4.0
28	[1, 0, 0, 1, 0, 0, 0, 0, 0]	8271.0	2	12.8
28	[1, 0, 0, 1, 0, 0, 0, 0, 0]	4911.0	2	6.6
28	[1, 0, 0, 1, 0, 0, 0, 0, 0]	7797.0	2	13.4
28	[1, 0, 0, 1, 0, 0, 0, 0, 0]	4584.0	2	5.2
28	[1, 0, 0, 1, 0, 0, 0, 0, 0]	6306.0	2	11.0
28	[1, 0, 0, 1, 0, 0, 0, 0, 0]	8454.0	2	17.8
28	[1, 0, 0, 1, 0, 0, 0, 0, 0]	4516.0	2	6.6000000000000005
28	[1, 0, 0, 1, 0, 0, 0, 0, 0]	4326.0	2	6.4
28	[1, 0, 0, 1, 0, 0, 0, 0, 0]	6952.0	2	16.2
28	[1, 0, 0, 1, 0, 0, 0, 0, 0]	7735.0	2	18.0
28	[1, 0, 0, 1, 0, 0, 0, 0, 0]	5508.0	2	14.8
28	[1, 0, 0, 1, 0, 0, 0, 0, 0]	10471.0	2	23.6
28	[1, 0, 0, 1, 0, 0, 0, 0, 0]	4654.0	2	13.4
28	[1, 0, 0, 1, 0, 0, 0, 0, 0]	6804.0	2	19.200000000000003
29	[1, 0, 0, 1, 0, 0, 0, 0, 0]	4765.0	2	3.0
29	[1, 0, 0, 1, 0, 0, 0, 0, 0]	8202.0	2	13.8
29	[1, 0, 0, 1, 0, 0, 0, 0, 0]	4364.0	2	2.6
29	[1, 0, 0, 1, 0, 0, 0, 0, 0]	6055.0	2	9.4
29	[1, 0, 0, 1, 0, 0, 0, 0, 0]	10479.0	2	17.2
29	[1, 0, 0, 1, 0, 0, 0, 0, 0]	6928.0	2	13.0
29	[1, 0, 0, 1, 0, 0, 0, 0, 0]	5220.0	2	10.8
29	[1, 0, 0, 1, 0, 0, 0, 0, 0]	6120.0	2	13.600000000000001
29	[1, 0, 0, 1, 0, 0, 0, 0, 0]	5078.0	2	11.4
29	[1, 0, 0, 1, 0, 0, 0, 0, 0]	4881.0	2	11.2
29	[1, 0, 0, 1, 0, 0, 0, 0, 0]	4740.0	2	10.0
29	[1, 0, 0, 1, 0, 0, 0, 0, 0]	7121.0	2	19.8
29	[1, 0, 0, 1, 0, 0, 0, 0, 0]	7106.0	2	19.6
29	[1, 0, 0, 1, 0, 0, 0, 0, 0]	4318.0	2	10.4
29	[1, 0, 0, 1, 0, 0, 0, 0, 0]	7847.0	2	23.200000000000003
