INFO_TYPES: robot_position	robot_led_status	robot_lifter_status	robot_heading	robot_speed_status	robot_task_id	robot_pheromone_map	chosen_door	waypoint
generation	genome	ave_time	tot_weight	fitness
0	[0, 1, 1, 0, 0, 1, 1, 1, 0]	9023.0	5	14.600000000000001
0	[1, 0, 1, 0, 1, 0, 0, 1, 0]	7988.0	4	10.2
0	[0, 1, 0, 0, 0, 1, 0, 1, 1]	10625.0	4	17.0
0	[1, 0, 1, 0, 1, 1, 1, 1, 1]	7311.0	7	16.200000000000003
0	[1, 1, 0, 1, 1, 0, 1, 0, 0]	6696.0	5	9.4
0	[0, 0, 1, 1, 1, 1, 0, 1, 1]	8619.0	6	16.0
0	[1, 1, 1, 1, 0, 1, 0, 0, 1]	6581.0	6	10.8
0	[1, 1, 0, 1, 1, 0, 0, 0, 0]	6533.0	4	4.800000000000001
0	[0, 1, 1, 1, 0, 1, 0, 1, 0]	9179.0	5	18.2
0	[0, 0, 1, 0, 0, 0, 0, 1, 1]	10956.0	3	15.6
0	[0, 1, 1, 0, 1, 1, 1, 0, 1]	7626.0	6	15.600000000000001
0	[0, 0, 0, 1, 0, 1, 0, 0, 0]	7111.0	2	4.0
0	[1, 0, 0, 1, 0, 0, 0, 0, 0]	6563.0	2	1.8
0	[0, 1, 0, 1, 0, 0, 1, 0, 0]	9219.0	3	14.4
0	[0, 0, 1, 1, 1, 1, 1, 1, 0]	9125.0	6	20.4
1	[1, 0, 0, 1, 0, 0, 0, 0, 0]	6534.0	2	2.8
1	[0, 0, 0, 1, 0, 1, 0, 0, 0]	7777.0	2	12.6
1	[1, 1, 0, 1, 1, 0, 0, 0, 0]	6670.0	4	12.8
1	[1, 1, 0, 1, 1, 0, 1, 0, 0]	6643.0	5	15.600000000000001
1	[1, 0, 1, 0, 1, 0, 0, 1, 0]	7303.0	4	14.600000000000001
1	[1, 1, 1, 1, 0, 1, 0, 0, 1]	6546.0	6	14.200000000000001
1	[1, 1, 0, 0, 1, 0, 1, 0, 0]	8219.0	4	20.4
1	[1, 1, 0, 0, 1, 0, 1, 0, 0]	7321.0	4	17.2
1	[0, 0, 0, 1, 0, 0, 0, 0, 0]	7872.0	1	13.0
1	[1, 0, 0, 1, 0, 1, 0, 0, 0]	6610.0	3	7.2
1	[1, 0, 0, 1, 0, 0, 0, 1, 0]	6462.0	3	4.0
1	[1, 0, 1, 0, 1, 0, 0, 1, 1]	7779.0	5	22.4
1	[1, 0, 0, 1, 0, 1, 1, 0, 0]	6614.0	4	13.0
1	[1, 0, 0, 1, 0, 0, 0, 0, 0]	6653.0	2	9.4
1	[1, 0, 1, 1, 0, 0, 0, 1, 0]	6466.0	4	9.8
2	[1, 0, 0, 1, 0, 0, 0, 0, 0]	6705.0	2	10.0
2	[1, 0, 0, 1, 0, 0, 0, 1, 0]	6277.0	3	5.6000000000000005
2	[1, 0, 0, 1, 0, 1, 0, 0, 0]	6718.0	3	17.4
2	[1, 0, 0, 1, 0, 0, 0, 0, 0]	6499.0	2	3.8
2	[1, 0, 1, 1, 0, 0, 0, 1, 0]	6536.0	4	13.8
2	[0, 0, 0, 1, 0, 1, 0, 0, 0]	7116.0	2	14.6
2	[1, 0, 0, 1, 0, 0, 0, 0, 0]	6658.0	2	11.4
2	[1, 1, 0, 1, 1, 0, 0, 0, 0]	6488.0	4	11.600000000000001
2	[1, 0, 0, 1, 0, 0, 0, 0, 0]	6550.0	2	9.2
2	[1, 0, 0, 1, 0, 0, 0, 1, 0]	6513.0	3	11.2
2	[1, 1, 0, 1, 0, 1, 0, 0, 0]	6558.0	4	18.4
2	[0, 1, 0, 1, 0, 1, 0, 1, 0]	9601.0	4	25.200000000000003
2	[1, 0, 1, 1, 0, 0, 0, 0, 0]	6434.0	3	9.0
2	[1, 0, 0, 0, 0, 1, 0, 0, 0]	6957.0	2	16.0
2	[1, 0, 0, 1, 0, 0, 0, 0, 0]	6553.0	2	11.8
3	[1, 0, 0, 1, 0, 0, 0, 0, 0]	6595.0	2	8.0
3	[1, 0, 0, 1, 0, 0, 0, 1, 0]	6547.0	3	9.8
3	[1, 0, 1, 1, 0, 0, 0, 0, 0]	6425.0	3	5.6000000000000005
3	[1, 0, 0, 1, 0, 0, 0, 0, 0]	6439.0	2	1.8
3	[1, 0, 0, 1, 0, 0, 0, 0, 0]	6650.0	2	12.6
3	[1, 0, 0, 1, 0, 0, 0, 1, 0]	6712.0	3	19.4
3	[1, 0, 1, 1, 0, 0, 0, 0, 0]	6513.0	3	11.2
3	[1, 0, 0, 1, 0, 0, 0, 1, 0]	6615.0	3	18.0
3	[0, 0, 0, 1, 0, 0, 0, 1, 0]	9459.0	2	16.4
3	[1, 0, 0, 1, 0, 0, 0, 1, 0]	6578.0	3	14.8
3	[1, 0, 0, 1, 0, 0, 0, 0, 0]	6679.0	2	15.2
3	[1, 0, 0, 1, 0, 0, 0, 0, 0]	6506.0	2	7.0
3	[1, 0, 0, 1, 0, 0, 0, 1, 0]	6461.0	3	11.600000000000001
3	[1, 0, 1, 1, 0, 0, 1, 0, 0]	6594.0	4	17.4
3	[1, 0, 1, 1, 0, 0, 0, 0, 1]	6605.0	4	20.200000000000003
4	[1, 0, 0, 1, 0, 0, 0, 0, 0]	6543.0	2	7.0
4	[1, 0, 1, 1, 0, 0, 0, 0, 0]	6478.0	3	7.6000000000000005
4	[1, 0, 0, 1, 0, 0, 0, 0, 0]	6484.0	2	5.8
4	[1, 0, 0, 1, 0, 0, 0, 0, 0]	6587.0	2	11.6
4	[1, 0, 0, 1, 0, 0, 0, 1, 0]	6418.0	3	7.4
4	[1, 0, 1, 1, 0, 0, 0, 0, 0]	6392.0	3	7.2
4	[1, 0, 1, 0, 0, 0, 0, 1, 0]	7189.0	3	22.0
4	[1, 0, 0, 1, 0, 0, 0, 0, 0]	6644.0	2	15.4
4	[1, 0, 1, 1, 0, 0, 0, 0, 0]	6482.0	3	12.8
4	[1, 0, 0, 1, 0, 0, 0, 0, 0]	6534.0	2	9.2
4	[1, 1, 0, 1, 0, 0, 0, 0, 0]	6564.0	3	18.6
4	[1, 0, 0, 1, 0, 0, 0, 0, 0]	6550.0	2	12.0
4	[1, 0, 1, 1, 0, 0, 0, 0, 0]	6614.0	3	22.4
4	[1, 0, 0, 1, 0, 0, 0, 0, 0]	6478.0	2	7.800000000000001
4	[1, 0, 1, 1, 0, 0, 0, 1, 0]	6606.0	4	22.200000000000003
5	[1, 0, 0, 1, 0, 0, 0, 0, 0]	6948.0	2	12.8
5	[1, 0, 0, 1, 0, 0, 0, 0, 0]	6541.0	2	5.6
5	[1, 0, 1, 1, 0, 0, 0, 0, 0]	6439.0	3	6.6000000000000005
5	[1, 0, 0, 1, 0, 0, 0, 1, 0]	6678.0	3	15.4
5	[1, 0, 1, 1, 0, 0, 0, 0, 0]	6482.0	3	9.2
5	[1, 0, 0, 1, 0, 0, 0, 0, 0]	6604.0	2	10.4
5	[1, 0, 0, 1, 0, 0, 0, 0, 0]	6819.0	2	14.2
5	[1, 0, 0, 1, 0, 0, 0, 1, 0]	6584.0	3	13.0
5	[1, 1, 0, 1, 0, 0, 0, 0, 0]	6505.0	3	11.8
5	[1, 0, 0, 1, 0, 0, 0, 1, 0]	6433.0	3	9.600000000000001
5	[1, 0, 1, 1, 1, 0, 0, 0, 0]	6594.0	4	18.200000000000003
5	[1, 0, 0, 1, 0, 0, 0, 0, 0]	6585.0	2	10.0
5	[0, 1, 0, 1, 0, 0, 0, 0, 0]	7278.0	2	18.8
5	[1, 0, 0, 1, 0, 1, 0, 0, 0]	6738.0	3	20.4
5	[1, 0, 0, 0, 0, 0, 0, 0, 0]	7244.0	1	13.0
6	[1, 0, 0, 1, 0, 0, 0, 0, 0]	6598.0	2	6.8
6	[1, 0, 1, 1, 0, 0, 0, 0, 0]	6667.0	3	17.2
6	[1, 0, 1, 1, 0, 0, 0, 0, 0]	6643.0	3	17.0
6	[1, 0, 0, 1, 0, 0, 0, 1, 0]	6920.0	3	20.8
6	[1, 0, 0, 1, 0, 0, 0, 0, 0]	6515.0	2	3.6
6	[1, 0, 0, 1, 0, 0, 0, 0, 0]	6562.0	2	6.4
6	[1, 0, 1, 1, 0, 1, 0, 0, 0]	6517.0	4	14.200000000000001
6	[1, 0, 0, 1, 0, 0, 0, 1, 0]	6473.0	3	10.600000000000001
6	[1, 0, 0, 1, 0, 0, 0, 0, 0]	6729.0	2	14.2
6	[1, 0, 0, 0, 1, 0, 0, 0, 0]	7218.0	2	17.0
6	[1, 0, 0, 1, 0, 0, 0, 0, 0]	6566.0	2	9.8
6	[1, 0, 1, 1, 0, 0, 0, 0, 0]	6391.0	3	10.4
6	[1, 0, 0, 0, 0, 0, 0, 0, 0]	7439.0	1	14.0
6	[1, 0, 0, 1, 0, 0, 0, 0, 0]	6629.0	2	13.600000000000001
6	[1, 0, 0, 1, 0, 0, 0, 0, 0]	6616.0	2	13.4
7	[1, 0, 0, 1, 0, 0, 0, 0, 0]	6539.0	2	4.0
7	[1, 0, 0, 1, 0, 0, 0, 0, 0]	6445.0	2	0.8
7	[1, 0, 0, 1, 0, 0, 0, 0, 0]	6667.0	2	10.6
7	[1, 0, 0, 1, 0, 0, 0, 0, 0]	6891.0	2	14.4
7	[1, 0, 1, 1, 0, 0, 0, 0, 0]	6574.0	3	12.4
7	[1, 0, 0, 1, 0, 0, 0, 1, 0]	6517.0	3	10.2
7	[1, 1, 0, 1, 0, 0, 0, 0, 0]	6746.0	3	19.0
7	[1, 0, 0, 1, 0, 1, 0, 0, 0]	6549.0	3	13.8
7	[1, 0, 0, 1, 0, 0, 0, 0, 0]	6490.0	2	4.2
7	[1, 0, 0, 1, 0, 1, 1, 0, 0]	6502.0	4	12.4
7	[1, 0, 0, 1, 0, 0, 0, 1, 1]	6989.0	4	24.200000000000003
7	[1, 0, 0, 1, 0, 0, 0, 0, 0]	6604.0	2	11.0
7	[1, 0, 0, 1, 0, 0, 1, 0, 0]	6610.0	3	17.6
7	[1, 0, 0, 1, 0, 0, 0, 0, 0]	6687.0	2	14.8
7	[0, 0, 0, 1, 0, 0, 1, 0, 0]	7997.0	2	19.6
8	[1, 0, 0, 1, 0, 0, 0, 0, 0]	6636.0	2	9.8
8	[1, 0, 0, 1, 0, 0, 0, 0, 0]	6506.0	2	4.6
8	[1, 0, 0, 1, 0, 0, 0, 0, 0]	6632.0	2	10.4
8	[1, 0, 0, 1, 0, 0, 0, 1, 0]	6611.0	3	12.4
8	[1, 0, 0, 1, 0, 0, 0, 0, 0]	6570.0	2	7.2
8	[1, 0, 0, 1, 0, 0, 0, 0, 0]	6466.0	2	4.0
8	[1, 0, 0, 0, 0, 0, 0, 0, 0]	7297.0	1	14.0
8	[1, 0, 0, 1, 0, 0, 0, 1, 0]	6618.0	3	14.2
8	[1, 0, 0, 1, 0, 0, 0, 0, 0]	6665.0	2	15.8
8	[1, 0, 0, 1, 0, 0, 0, 1, 1]	6649.0	4	21.200000000000003
8	[1, 0, 0, 1, 1, 0, 0, 0, 0]	6749.0	3	21.0
8	[1, 0, 0, 1, 1, 0, 0, 0, 0]	6488.0	3	10.8
8	[1, 0, 0, 1, 0, 0, 0, 0, 0]	6588.0	2	10.600000000000001
8	[1, 0, 0, 1, 0, 0, 1, 0, 0]	6727.0	3	21.6
8	[1, 0, 0, 1, 0, 1, 0, 0, 0]	6476.0	3	11.4
9	[1, 0, 0, 1, 0, 0, 0, 0, 0]	6545.0	2	5.0
9	[1, 0, 0, 1, 0, 0, 0, 0, 0]	6586.0	2	9.8
9	[1, 0, 0, 1, 0, 0, 0, 0, 0]	6594.0	2	11.6
9	[1, 0, 0, 1, 0, 0, 0, 0, 0]	6559.0	2	9.4
9	[1, 0, 0, 1, 0, 0, 0, 0, 0]	6524.0	2	6.2
9	[1, 0, 0, 1, 0, 0, 0, 0, 0]	6500.0	2	6.0
9	[1, 0, 0, 1, 0, 0, 0, 0, 0]	6653.0	2	15.8
9	[1, 0, 0, 1, 0, 0, 0, 0, 0]	6454.0	2	6.6000000000000005
9	[1, 0, 0, 0, 0, 0, 0, 1, 0]	7339.0	2	20.4
9	[1, 0, 0, 1, 1, 1, 0, 0, 0]	6771.0	4	23.4
9	[1, 0, 0, 1, 0, 0, 0, 0, 0]	6547.0	2	13.2
9	[1, 0, 0, 1, 0, 0, 0, 0, 0]	6748.0	2	20.0
9	[1, 0, 0, 1, 0, 0, 0, 0, 0]	6537.0	2	12.8
9	[1, 0, 0, 1, 1, 1, 0, 0, 0]	6577.0	4	19.200000000000003
9	[1, 0, 0, 1, 0, 1, 0, 0, 0]	6438.0	3	9.600000000000001
10	[1, 0, 0, 1, 0, 0, 0, 0, 0]	6672.0	2	11.6
10	[1, 0, 0, 1, 0, 0, 0, 0, 0]	6468.0	2	2.4000000000000004
10	[1, 0, 0, 1, 0, 0, 0, 0, 0]	6488.0	2	4.2
10	[1, 0, 0, 1, 0, 0, 0, 0, 0]	6861.0	2	16.0
10	[1, 0, 0, 1, 0, 0, 0, 0, 0]	6655.0	2	13.8
10	[1, 0, 0, 1, 0, 1, 0, 0, 0]	6592.0	3	17.4
10	[1, 0, 0, 1, 0, 0, 0, 0, 0]	6564.0	2	9.600000000000001
10	[1, 0, 0, 1, 0, 0, 0, 0, 0]	6582.0	2	12.4
10	[1, 0, 0, 0, 0, 0, 0, 0, 0]	7911.0	1	14.0
10	[1, 0, 0, 1, 0, 0, 0, 0, 0]	6576.0	2	12.2
10	[1, 0, 0, 0, 0, 0, 0, 0, 0]	7181.0	1	13.8
10	[1, 0, 0, 1, 0, 0, 0, 0, 0]	6609.0	2	16.0
10	[1, 0, 0, 1, 0, 1, 0, 0, 0]	6553.0	3	14.200000000000001
10	[1, 0, 0, 1, 0, 0, 0, 0, 0]	6710.0	2	19.8
10	[1, 0, 0, 1, 0, 0, 0, 0, 0]	6490.0	2	11.600000000000001
11	[1, 0, 0, 1, 0, 0, 0, 0, 0]	6691.0	2	12.0
11	[1, 0, 0, 1, 0, 0, 0, 0, 0]	6634.0	2	11.8
11	[1, 0, 0, 1, 0, 0, 0, 0, 0]	6631.0	2	11.6
11	[1, 0, 0, 1, 0, 0, 0, 0, 0]	6461.0	2	2.4000000000000004
11	[1, 0, 0, 1, 0, 0, 0, 0, 0]	6545.0	2	5.2
11	[1, 0, 0, 1, 0, 0, 0, 0, 0]	6551.0	2	7.0
11	[1, 0, 0, 1, 0, 0, 0, 0, 0]	6580.0	2	9.8
11	[1, 0, 0, 1, 0, 0, 0, 0, 0]	6587.0	2	12.600000000000001
11	[1, 0, 0, 1, 1, 0, 0, 0, 0]	6594.0	3	17.6
11	[1, 0, 0, 1, 0, 0, 0, 0, 0]	6703.0	2	19.4
11	[1, 0, 0, 0, 0, 0, 0, 1, 0]	7427.0	2	21.2
11	[1, 0, 0, 1, 0, 0, 0, 0, 0]	6571.0	2	12.0
11	[1, 0, 0, 1, 1, 0, 0, 0, 0]	6580.0	3	16.4
11	[1, 0, 0, 1, 0, 0, 0, 0, 0]	6595.0	2	17.8
11	[1, 1, 0, 1, 0, 0, 0, 1, 0]	6518.0	4	12.200000000000001
12	[1, 0, 0, 1, 0, 0, 0, 0, 0]	6500.0	2	2.8
12	[1, 0, 0, 1, 0, 0, 0, 0, 0]	6482.0	2	2.6
12	[1, 0, 0, 1, 0, 0, 0, 0, 0]	6446.0	2	2.4000000000000004
12	[1, 0, 0, 1, 0, 0, 0, 0, 0]	6545.0	2	8.2
12	[1, 0, 0, 1, 0, 0, 0, 0, 0]	6502.0	2	7.0
12	[1, 0, 0, 1, 0, 0, 0, 0, 0]	6676.0	2	15.8
12	[1, 0, 0, 1, 0, 0, 0, 0, 0]	6544.0	2	9.600000000000001
12	[1, 0, 0, 1, 0, 0, 0, 0, 0]	6552.0	2	12.4
12	[0, 0, 0, 1, 0, 0, 0, 0, 0]	7286.0	1	13.0
12	[1, 0, 0, 1, 0, 0, 0, 0, 0]	6596.0	2	16.2
12	[1, 0, 0, 1, 0, 0, 0, 0, 1]	6552.0	3	17.4
12	[1, 0, 0, 1, 0, 0, 0, 0, 1]	6558.0	3	19.200000000000003
12	[0, 0, 0, 1, 0, 0, 0, 1, 0]	10001.0	2	22.0
12	[1, 0, 0, 1, 0, 0, 0, 0, 0]	6631.0	2	18.8
12	[1, 0, 0, 1, 0, 0, 0, 0, 0]	6752.0	2	21.6
13	[1, 0, 0, 1, 0, 0, 0, 0, 0]	6705.0	2	10.0
13	[1, 0, 0, 1, 0, 0, 0, 0, 0]	6411.0	2	0.8
13	[1, 0, 0, 1, 0, 0, 0, 0, 0]	6574.0	2	8.6
13	[1, 0, 0, 1, 0, 0, 0, 0, 0]	6512.0	2	3.4000000000000004
13	[1, 0, 0, 1, 0, 0, 0, 0, 0]	6562.0	2	9.2
13	[1, 0, 0, 1, 0, 0, 0, 0, 0]	6816.0	2	17.0
13	[1, 0, 0, 1, 0, 0, 0, 0, 0]	6561.0	2	9.8
13	[1, 0, 0, 1, 0, 0, 0, 0, 0]	6893.0	2	19.6
13	[1, 0, 0, 1, 0, 0, 0, 0, 0]	6583.0	2	15.4
13	[1, 1, 0, 1, 0, 0, 0, 0, 0]	6577.0	3	17.6
13	[1, 0, 0, 1, 0, 0, 0, 0, 0]	6742.0	2	19.2
13	[1, 0, 0, 1, 0, 0, 0, 0, 0]	6537.0	2	11.0
13	[1, 0, 0, 1, 0, 0, 0, 0, 1]	6517.0	3	12.4
13	[1, 0, 0, 1, 0, 0, 1, 0, 0]	6546.0	3	15.200000000000001
13	[1, 0, 0, 1, 0, 0, 0, 0, 0]	6732.0	2	19.8
14	[1, 0, 0, 1, 0, 0, 0, 0, 0]	6575.0	2	7.0
14	[1, 0, 0, 1, 0, 0, 0, 0, 0]	6638.0	2	11.8
14	[1, 0, 0, 1, 0, 0, 0, 0, 0]	6582.0	2	9.6
14	[1, 0, 0, 1, 0, 0, 0, 0, 0]	6492.0	2	3.4000000000000004
14	[1, 0, 0, 1, 0, 0, 0, 0, 0]	6792.0	2	16.2
14	[1, 0, 0, 1, 0, 0, 0, 0, 0]	6530.0	2	6.0
14	[1, 0, 0, 1, 0, 0, 0, 0, 0]	6546.0	2	7.800000000000001
14	[1, 0, 0, 1, 1, 0, 0, 0, 0]	6562.0	3	14.600000000000001
14	[1, 0, 0, 1, 0, 0, 0, 0, 0]	6394.0	2	5.6000000000000005
14	[1, 1, 1, 1, 0, 0, 1, 0, 0]	6602.0	5	21.200000000000003
14	[1, 0, 0, 1, 0, 0, 0, 0, 0]	6564.0	2	12.4
14	[1, 0, 0, 1, 0, 0, 0, 0, 0]	7176.0	2	21.2
14	[1, 0, 0, 1, 0, 0, 0, 0, 0]	6641.0	2	20.0
14	[1, 0, 0, 1, 0, 0, 0, 1, 0]	6551.0	3	14.4
14	[1, 0, 0, 1, 0, 0, 0, 0, 0]	6589.0	2	17.8
15	[1, 0, 0, 1, 0, 0, 0, 0, 0]	6849.0	2	13.0
15	[1, 0, 0, 1, 0, 0, 0, 0, 0]	6900.0	2	14.8
15	[1, 0, 0, 1, 0, 0, 0, 0, 0]	6440.0	2	2.6
15	[1, 0, 0, 1, 0, 0, 0, 0, 0]	6708.0	2	14.4
15	[1, 0, 0, 1, 0, 0, 0, 0, 0]	6511.0	2	7.2
15	[1, 0, 0, 1, 0, 0, 0, 0, 0]	6494.0	2	6.0
15	[1, 0, 0, 1, 0, 0, 0, 0, 0]	6515.0	2	9.8
15	[1, 0, 0, 1, 0, 0, 0, 0, 0]	6429.0	2	5.6000000000000005
15	[1, 0, 0, 1, 0, 0, 0, 0, 0]	6531.0	2	12.4
15	[1, 0, 0, 1, 0, 0, 0, 0, 0]	6596.0	2	17.2
15	[1, 0, 0, 1, 0, 0, 0, 0, 0]	6645.0	2	19.0
15	[1, 0, 0, 1, 0, 0, 0, 0, 1]	6503.0	3	12.600000000000001
15	[1, 1, 0, 1, 0, 0, 0, 0, 0]	6585.0	3	17.4
15	[1, 0, 0, 1, 0, 0, 1, 0, 0]	6589.0	3	19.200000000000003
15	[1, 0, 0, 1, 0, 0, 0, 0, 0]	6591.0	2	17.8
16	[1, 0, 0, 1, 0, 0, 0, 0, 0]	6759.0	2	13.0
16	[1, 0, 0, 1, 0, 0, 0, 0, 0]	6432.0	2	2.8
16	[1, 0, 0, 1, 0, 0, 0, 0, 0]	6479.0	2	4.6
16	[1, 0, 0, 1, 0, 0, 0, 0, 0]	6419.0	2	3.4000000000000004
16	[1, 0, 0, 1, 0, 0, 0, 0, 0]	6549.0	2	10.2
16	[1, 0, 0, 1, 0, 0, 0, 0, 0]	6558.0	2	13.0
16	[1, 0, 0, 1, 0, 0, 0, 0, 1]	6515.0	3	13.600000000000001
16	[1, 0, 0, 1, 0, 0, 0, 0, 0]	6536.0	2	10.8
16	[1, 0, 0, 1, 0, 0, 0, 0, 0]	6898.0	2	19.6
16	[1, 0, 0, 1, 0, 0, 0, 0, 0]	6720.0	2	18.4
16	[1, 0, 0, 1, 0, 0, 0, 1, 0]	6579.0	3	21.4
16	[1, 1, 0, 1, 0, 1, 0, 0, 0]	6516.0	4	16.200000000000003
16	[1, 0, 0, 1, 0, 0, 0, 0, 0]	6551.0	2	15.2
16	[1, 0, 0, 1, 0, 0, 0, 0, 0]	6574.0	2	18.0
16	[1, 0, 0, 1, 0, 0, 0, 0, 0]	6387.0	2	8.8
17	[1, 0, 0, 1, 0, 0, 0, 0, 0]	6550.0	2	5.4
17	[1, 0, 0, 1, 0, 0, 0, 0, 0]	6453.0	2	3.2
17	[1, 0, 0, 1, 0, 0, 0, 0, 0]	6469.0	2	5.0
17	[1, 0, 0, 1, 0, 0, 0, 0, 0]	6610.0	2	9.8
17	[1, 0, 0, 1, 0, 0, 0, 0, 0]	6616.0	2	11.600000000000001
17	[1, 0, 0, 1, 0, 0, 0, 0, 0]	6752.0	2	17.4
17	[1, 0, 0, 1, 0, 0, 0, 0, 0]	6529.0	2	9.2
17	[0, 0, 0, 1, 0, 0, 0, 0, 0]	8217.0	1	13.8
17	[1, 0, 0, 1, 0, 0, 0, 0, 0]	6726.0	2	18.0
17	[1, 0, 0, 1, 0, 0, 0, 0, 0]	6560.0	2	12.8
17	[1, 0, 0, 1, 0, 0, 0, 0, 0]	6659.0	2	17.6
17	[1, 1, 0, 1, 0, 0, 0, 0, 0]	6655.0	3	18.200000000000003
17	[0, 0, 0, 1, 0, 0, 0, 0, 0]	7647.0	1	13.6
17	[1, 0, 0, 1, 0, 0, 0, 0, 0]	6715.0	2	19.4
17	[0, 0, 0, 0, 0, 0, 0, 0, 0]	8265.0	0	14.0
18	[1, 0, 0, 1, 0, 0, 0, 0, 0]	6553.0	2	5.0
18	[1, 0, 0, 1, 0, 0, 0, 0, 0]	6646.0	2	12.8
18	[1, 0, 0, 1, 0, 0, 0, 0, 0]	6549.0	2	5.6
18	[1, 0, 0, 1, 0, 0, 0, 0, 0]	6643.0	2	13.4
18	[1, 0, 0, 1, 0, 0, 0, 0, 0]	6543.0	2	6.2
18	[1, 0, 0, 1, 0, 0, 0, 0, 0]	6565.0	2	10.0
18	[1, 0, 0, 1, 0, 0, 0, 0, 0]	6595.0	2	12.8
18	[1, 0, 0, 1, 0, 0, 0, 0, 0]	6490.0	2	7.6000000000000005
18	[1, 0, 0, 1, 0, 0, 0, 1, 0]	6478.0	3	8.8
18	[1, 0, 0, 1, 0, 0, 0, 0, 0]	6791.0	2	20.4
18	[1, 1, 0, 1, 0, 0, 0, 0, 0]	6570.0	3	16.6
18	[1, 0, 0, 1, 0, 0, 0, 0, 0]	6750.0	2	20.2
18	[1, 0, 0, 1, 0, 1, 0, 0, 0]	6628.0	3	20.4
18	[1, 0, 0, 1, 0, 0, 0, 0, 0]	6484.0	2	9.0
18	[1, 0, 1, 1, 0, 0, 0, 0, 1]	6606.0	4	20.200000000000003
19	[1, 0, 0, 1, 0, 0, 0, 0, 0]	6568.0	2	7.4
19	[1, 0, 0, 1, 0, 0, 0, 0, 0]	6605.0	2	9.2
19	[1, 0, 0, 1, 0, 0, 0, 0, 0]	6463.0	2	4.0
19	[1, 0, 0, 1, 0, 0, 0, 0, 0]	6507.0	2	6.800000000000001
19	[1, 0, 0, 1, 0, 0, 0, 1, 0]	6512.0	3	12.600000000000001
19	[1, 0, 0, 1, 0, 0, 0, 0, 0]	6706.0	2	14.600000000000001
19	[0, 0, 0, 1, 0, 0, 0, 0, 0]	7645.0	1	13.0
19	[1, 0, 0, 1, 0, 0, 0, 0, 0]	6668.0	2	14.4
19	[1, 1, 0, 1, 0, 0, 0, 0, 0]	6472.0	3	11.4
19	[1, 0, 0, 1, 0, 0, 0, 0, 0]	6723.0	2	17.2
19	[1, 0, 0, 0, 0, 0, 0, 0, 0]	7630.0	1	12.8
19	[1, 0, 0, 1, 0, 0, 0, 0, 0]	6751.0	2	19.0
19	[1, 0, 0, 1, 0, 0, 0, 0, 0]	6555.0	2	12.8
19	[1, 0, 0, 1, 1, 0, 0, 0, 0]	6657.0	3	18.200000000000003
19	[1, 0, 0, 0, 0, 0, 0, 0, 0]	8120.0	1	15.6
20	[1, 0, 0, 1, 0, 0, 0, 0, 0]	6483.0	2	2.0
20	[1, 0, 0, 1, 0, 0, 0, 0, 0]	6552.0	2	7.8
20	[1, 0, 0, 1, 0, 0, 0, 0, 0]	6578.0	2	10.6
20	[1, 0, 0, 1, 0, 0, 0, 0, 0]	6426.0	2	2.4000000000000004
20	[1, 1, 0, 1, 0, 0, 0, 0, 0]	6507.0	3	11.2
20	[1, 0, 0, 1, 0, 0, 0, 1, 0]	6577.0	3	16.0
20	[1, 1, 0, 1, 0, 0, 0, 0, 0]	6514.0	3	13.8
20	[1, 0, 0, 1, 0, 0, 0, 0, 0]	6811.0	2	16.2
20	[1, 0, 0, 1, 0, 0, 1, 0, 0]	6503.0	3	12.600000000000001
20	[1, 0, 0, 1, 0, 0, 0, 0, 0]	6652.0	2	15.0
20	[1, 0, 0, 1, 0, 0, 0, 0, 0]	6582.0	2	14.8
20	[1, 0, 0, 1, 0, 0, 0, 0, 0]	6862.0	2	19.6
20	[1, 0, 0, 1, 0, 0, 0, 0, 0]	6480.0	2	7.4
20	[1, 0, 0, 1, 0, 0, 1, 0, 0]	6677.0	3	22.4
20	[1, 0, 0, 1, 0, 1, 0, 0, 0]	6514.0	3	17.200000000000003
21	[1, 0, 0, 1, 0, 0, 0, 0, 0]	6550.0	2	7.0
21	[1, 0, 0, 1, 0, 0, 0, 0, 0]	6515.0	2	5.8
21	[1, 0, 0, 1, 0, 0, 0, 0, 0]	6513.0	2	4.6
21	[1, 0, 0, 1, 0, 0, 0, 0, 0]	7038.0	2	16.4
21	[1, 0, 0, 1, 0, 0, 0, 0, 0]	6596.0	2	13.2
21	[1, 1, 0, 1, 0, 0, 0, 0, 0]	6618.0	3	19.0
21	[1, 1, 0, 1, 0, 0, 0, 0, 0]	6621.0	3	20.8
21	[1, 0, 0, 1, 0, 0, 0, 0, 0]	6573.0	2	13.0
21	[1, 0, 0, 1, 0, 0, 0, 0, 0]	6478.0	2	4.800000000000001
21	[1, 0, 0, 1, 0, 0, 0, 0, 0]	6659.0	2	18.6
21	[1, 0, 0, 1, 0, 0, 0, 0, 1]	6546.0	3	15.600000000000001
21	[1, 0, 0, 1, 0, 0, 0, 0, 1]	6514.0	3	14.4
21	[1, 0, 0, 1, 0, 0, 0, 0, 0]	6572.0	2	14.4
21	[1, 0, 0, 1, 0, 0, 0, 0, 1]	6478.0	3	12.200000000000001
21	[1, 0, 0, 1, 0, 0, 0, 0, 0]	6484.0	2	9.2
22	[1, 0, 0, 1, 0, 0, 0, 0, 0]	6519.0	2	5.0
22	[1, 0, 0, 1, 0, 0, 0, 0, 0]	6447.0	2	0.8
22	[1, 0, 0, 1, 0, 0, 0, 0, 0]	6734.0	2	15.6
22	[1, 0, 0, 1, 0, 0, 0, 0, 0]	6532.0	2	9.4
22	[1, 0, 0, 1, 0, 0, 0, 0, 0]	6527.0	2	9.2
22	[1, 0, 0, 1, 0, 0, 0, 0, 1]	6732.0	3	21.0
22	[1, 0, 0, 1, 0, 0, 0, 0, 1]	6473.0	3	10.8
22	[1, 0, 0, 1, 0, 0, 0, 0, 0]	6606.0	2	12.0
22	[1, 0, 0, 1, 0, 0, 1, 0, 0]	6679.0	3	20.6
22	[1, 0, 0, 1, 0, 0, 0, 0, 1]	6696.0	3	22.4
22	[1, 0, 0, 1, 0, 0, 0, 0, 0]	6676.0	2	14.8
22	[1, 0, 0, 1, 0, 0, 0, 0, 0]	6508.0	2	8.600000000000001
22	[1, 0, 0, 1, 0, 0, 0, 0, 1]	6515.0	3	15.200000000000001
22	[1, 0, 0, 1, 0, 0, 0, 0, 0]	6667.0	2	15.4
22	[1, 0, 0, 1, 0, 0, 0, 0, 0]	6462.0	2	8.2
23	[1, 0, 0, 1, 0, 0, 0, 0, 0]	6533.0	2	5.8
23	[1, 0, 0, 1, 0, 0, 0, 0, 0]	6591.0	2	9.6
23	[1, 0, 0, 1, 0, 0, 0, 0, 0]	6439.0	2	3.4000000000000004
23	[1, 0, 0, 1, 0, 0, 0, 0, 0]	6506.0	2	6.2
23	[1, 0, 0, 1, 0, 0, 0, 0, 0]	6627.0	2	13.0
23	[1, 0, 0, 1, 0, 0, 0, 0, 0]	6752.0	2	16.8
23	[1, 0, 0, 1, 0, 0, 0, 0, 0]	6742.0	2	16.6
23	[1, 0, 0, 0, 0, 0, 0, 0, 0]	8784.0	1	14.0
23	[1, 0, 0, 1, 0, 0, 0, 0, 0]	6514.0	2	10.4
23	[1, 0, 0, 1, 0, 0, 0, 0, 0]	6787.0	2	20.2
23	[1, 0, 0, 1, 0, 1, 0, 0, 0]	6632.0	3	20.4
23	[1, 0, 0, 1, 0, 0, 0, 0, 0]	6547.0	2	14.0
23	[1, 0, 0, 1, 0, 0, 0, 1, 0]	6468.0	3	13.200000000000001
23	[1, 0, 0, 1, 0, 0, 0, 0, 0]	6434.0	2	8.8
23	[1, 0, 0, 1, 0, 0, 0, 0, 0]	6562.0	2	16.6
24	[1, 0, 0, 1, 0, 0, 0, 0, 0]	6593.0	2	6.8
24	[1, 0, 0, 1, 0, 0, 0, 0, 0]	6646.0	2	9.6
24	[1, 0, 0, 1, 0, 0, 0, 0, 0]	6748.0	2	15.4
24	[1, 0, 0, 1, 0, 0, 0, 0, 0]	6537.0	2	6.2
24	[1, 0, 0, 1, 0, 0, 0, 0, 0]	6553.0	2	9.0
24	[1, 0, 0, 1, 0, 0, 0, 0, 0]	6445.0	2	4.800000000000001
24	[1, 0, 0, 1, 0, 0, 0, 0, 0]	6476.0	2	7.6000000000000005
24	[1, 0, 0, 1, 0, 0, 0, 0, 0]	6717.0	2	18.4
24	[1, 0, 0, 1, 0, 0, 0, 0, 0]	6615.0	2	14.2
24	[1, 0, 0, 1, 0, 0, 0, 0, 0]	6676.0	2	18.0
24	[0, 0, 0, 1, 0, 0, 0, 0, 0]	8271.0	1	14.0
24	[1, 0, 0, 1, 0, 0, 0, 0, 0]	6668.0	2	17.8
24	[1, 0, 0, 1, 0, 0, 0, 0, 0]	6541.0	2	13.600000000000001
24	[1, 0, 0, 1, 0, 0, 0, 0, 0]	6450.0	2	11.4
24	[1, 0, 0, 1, 0, 0, 0, 0, 0]	6715.0	2	22.200000000000003
25	[1, 0, 0, 1, 0, 0, 0, 0, 0]	6742.0	2	14.0
25	[1, 0, 0, 1, 0, 0, 0, 0, 0]	6505.0	2	1.8
25	[1, 0, 0, 1, 0, 0, 0, 0, 0]	6637.0	2	12.6
25	[1, 0, 0, 1, 0, 0, 0, 0, 0]	6591.0	2	8.4
25	[1, 0, 0, 1, 0, 0, 0, 0, 0]	6563.0	2	8.2
25	[1, 0, 0, 1, 0, 0, 0, 0, 0]	6614.0	2	12.0
25	[1, 0, 0, 1, 0, 0, 0, 0, 0]	6624.0	2	13.8
25	[1, 0, 1, 1, 0, 0, 0, 0, 0]	6482.0	3	10.4
25	[1, 0, 0, 1, 0, 0, 0, 0, 1]	6542.0	3	15.200000000000001
25	[1, 0, 0, 1, 0, 0, 0, 0, 0]	6517.0	2	7.6000000000000005
25	[1, 0, 0, 1, 0, 0, 0, 0, 0]	6595.0	2	13.4
25	[1, 0, 0, 1, 0, 0, 0, 0, 0]	6531.0	2	10.2
25	[1, 0, 0, 1, 0, 0, 0, 0, 0]	6635.0	2	18.0
25	[1, 0, 0, 1, 0, 0, 0, 0, 0]	6675.0	2	21.8
25	[1, 0, 0, 1, 0, 0, 0, 0, 0]	6649.0	2	21.6
26	[1, 0, 0, 1, 0, 0, 0, 0, 0]	6739.0	2	12.0
26	[1, 0, 0, 1, 0, 0, 0, 0, 0]	6618.0	2	8.8
26	[1, 0, 0, 1, 0, 0, 0, 0, 0]	6587.0	2	7.6
26	[1, 0, 0, 1, 0, 0, 0, 0, 0]	6575.0	2	6.4
26	[1, 0, 0, 1, 0, 0, 0, 0, 0]	6248.0	2	3.2
26	[1, 0, 1, 1, 0, 0, 0, 0, 0]	6620.0	3	20.200000000000003
26	[1, 0, 0, 1, 0, 0, 0, 0, 0]	6583.0	2	9.0
26	[1, 0, 0, 1, 0, 0, 0, 0, 0]	6747.0	2	17.8
26	[1, 0, 0, 1, 0, 0, 0, 0, 0]	6712.0	2	15.600000000000001
26	[1, 0, 0, 1, 0, 0, 0, 0, 0]	6476.0	2	8.4
26	[1, 0, 0, 1, 0, 0, 0, 0, 0]	6716.0	2	18.2
26	[1, 0, 0, 1, 0, 0, 0, 0, 0]	6820.0	2	22.0
26	[1, 0, 0, 1, 0, 0, 0, 0, 0]	6506.0	2	11.8
26	[1, 0, 0, 1, 0, 0, 0, 0, 0]	6591.0	2	16.6
26	[1, 0, 0, 1, 0, 0, 0, 0, 0]	6403.0	2	11.4
27	[1, 0, 0, 1, 0, 0, 0, 0, 0]	6729.0	2	13.0
27	[1, 0, 0, 1, 0, 0, 0, 0, 0]	6677.0	2	12.8
27	[1, 0, 0, 1, 0, 0, 0, 0, 0]	6621.0	2	10.6
27	[1, 0, 0, 1, 0, 0, 0, 0, 0]	6643.0	2	13.4
27	[1, 0, 0, 1, 0, 0, 0, 0, 0]	6483.0	2	6.2
27	[1, 0, 0, 1, 0, 0, 0, 0, 0]	6438.0	2	6.0
27	[1, 0, 1, 0, 0, 0, 0, 0, 0]	7961.0	2	18.8
27	[1, 0, 0, 1, 0, 0, 0, 0, 0]	6399.0	2	5.6000000000000005
27	[1, 0, 0, 1, 0, 1, 0, 0, 0]	6421.0	3	12.200000000000001
27	[1, 0, 0, 1, 0, 0, 0, 0, 0]	6603.0	2	13.4
27	[1, 0, 0, 1, 0, 0, 0, 0, 0]	6509.0	2	12.2
27	[1, 0, 0, 1, 0, 0, 0, 0, 0]	6622.0	2	18.0
27	[1, 0, 0, 1, 0, 0, 0, 0, 0]	6500.0	2	12.8
27	[1, 0, 0, 1, 0, 0, 0, 0, 0]	6591.0	2	15.600000000000001
27	[1, 0, 0, 1, 0, 0, 0, 0, 0]	6604.0	2	18.4
28	[1, 0, 0, 1, 0, 0, 0, 0, 0]	6481.0	2	1.0
28	[1, 0, 0, 1, 0, 0, 0, 0, 0]	6560.0	2	7.8
28	[1, 0, 0, 1, 0, 0, 0, 0, 0]	6760.0	2	15.6
28	[1, 0, 0, 1, 0, 0, 0, 0, 0]	6602.0	2	11.4
28	[1, 0, 0, 1, 0, 0, 0, 0, 0]	6506.0	2	6.2
28	[1, 0, 0, 1, 0, 1, 0, 0, 0]	6509.0	3	12.8
28	[1, 0, 0, 1, 0, 1, 0, 0, 0]	6706.0	3	21.6
28	[1, 0, 0, 1, 0, 0, 0, 0, 0]	6496.0	2	6.0
28	[1, 0, 0, 1, 0, 0, 0, 0, 0]	6551.0	2	10.8
28	[1, 0, 0, 1, 0, 0, 1, 0, 0]	6580.0	3	18.4
28	[1, 0, 0, 1, 0, 0, 0, 0, 0]	6709.0	2	18.6
28	[1, 0, 0, 1, 0, 0, 0, 0, 0]	6679.0	2	17.4
28	[1, 0, 0, 1, 0, 0, 0, 0, 0]	6456.0	2	7.2
28	[1, 0, 0, 1, 0, 0, 0, 0, 0]	6516.0	2	13.0
28	[1, 1, 0, 1, 0, 0, 0, 0, 0]	6618.0	3	21.200000000000003
29	[1, 0, 0, 1, 0, 0, 0, 0, 0]	6522.0	2	4.0
29	[1, 0, 0, 1, 0, 0, 0, 0, 0]	6519.0	2	3.8
29	[1, 0, 0, 1, 0, 0, 0, 0, 0]	6791.0	2	15.6
29	[1, 0, 0, 1, 0, 0, 0, 0, 0]	6473.0	2	2.4000000000000004
29	[1, 0, 0, 1, 0, 0, 0, 0, 0]	6730.0	2	14.2
29	[1, 0, 0, 1, 0, 0, 0, 0, 0]	6543.0	2	10.0
29	[1, 0, 0, 1, 0, 0, 0, 0, 0]	6561.0	2	12.8
29	[1, 0, 0, 1, 0, 0, 0, 0, 0]	6474.0	2	6.6000000000000005
29	[1, 0, 0, 1, 0, 0, 0, 0, 0]	6697.0	2	16.4
29	[1, 0, 0, 1, 0, 0, 0, 0, 0]	6548.0	2	14.2
29	[1, 0, 0, 1, 0, 0, 0, 0, 0]	6493.0	2	10.0
29	[1, 0, 0, 1, 0, 0, 0, 0, 0]	6522.0	2	13.8
29	[1, 0, 0, 1, 0, 0, 0, 0, 0]	6612.0	2	18.6
29	[1, 0, 0, 1, 0, 0, 0, 0, 0]	6779.0	2	23.4
29	[1, 0, 0, 1, 0, 0, 0, 0, 0]	6748.0	2	23.200000000000003
