INFO_TYPES: robot_position	robot_led_status	robot_lifter_status	robot_heading	robot_speed_status	robot_task_id	robot_pheromone_map	chosen_door	waypoint
generation	genome	ave_time	tot_weight	fitness
0	[1, 1, 0, 1, 1, 1, 0, 1, 1]	2302.0	7	10.4
0	[0, 0, 1, 0, 0, 0, 1, 1, 0]	4455.0	3	3.0
0	[1, 1, 0, 0, 0, 1, 1, 1, 0]	10527.0	5	17.2
0	[0, 0, 1, 1, 0, 1, 0, 1, 0]	6213.0	4	6.8
0	[0, 0, 0, 1, 1, 0, 1, 1, 0]	7871.0	4	11.6
0	[1, 0, 1, 0, 1, 1, 0, 0, 1]	7527.0	5	13.0
0	[1, 1, 1, 1, 1, 1, 0, 0, 1]	3837.0	7	13.200000000000001
0	[0, 1, 1, 1, 0, 0, 0, 1, 1]	8292.0	5	15.8
0	[0, 0, 1, 0, 1, 0, 1, 1, 0]	5249.0	4	6.4
0	[1, 0, 0, 0, 0, 1, 1, 1, 1]	6315.0	5	12.600000000000001
0	[1, 1, 1, 0, 1, 1, 1, 0, 0]	8864.0	6	21.6
0	[1, 1, 0, 1, 1, 1, 0, 0, 0]	2503.0	5	7.4
0	[1, 1, 0, 0, 1, 0, 1, 0, 1]	7110.0	5	15.2
0	[1, 1, 0, 0, 1, 0, 1, 0, 1]	5612.0	5	13.0
0	[0, 1, 1, 1, 1, 0, 0, 0, 1]	9567.0	5	21.8
1	[0, 0, 1, 0, 0, 0, 1, 1, 0]	4977.0	3	6.0
1	[0, 0, 1, 0, 1, 0, 1, 1, 0]	7753.0	4	14.6
1	[0, 0, 1, 1, 0, 1, 0, 1, 0]	2804.0	4	6.4
1	[1, 1, 0, 1, 1, 1, 0, 0, 0]	2659.0	5	9.4
1	[1, 1, 0, 1, 1, 1, 0, 1, 1]	2327.0	7	12.200000000000001
1	[0, 0, 0, 1, 1, 0, 1, 1, 0]	4126.0	4	8.2
1	[1, 0, 0, 1, 1, 0, 1, 1, 0]	2208.0	5	7.2
1	[0, 0, 1, 1, 1, 1, 0, 0, 1]	7694.0	5	20.0
1	[0, 0, 1, 1, 0, 1, 1, 1, 0]	6557.0	5	17.8
1	[0, 0, 1, 0, 0, 1, 0, 1, 1]	5554.0	4	11.0
1	[1, 0, 1, 1, 0, 1, 0, 1, 0]	2625.0	5	11.600000000000001
1	[0, 0, 1, 0, 0, 0, 1, 0, 1]	6688.0	3	10.8
1	[1, 0, 1, 0, 1, 0, 1, 1, 0]	8231.0	5	24.4
1	[0, 0, 0, 1, 1, 0, 1, 1, 0]	7112.0	4	15.8
1	[0, 0, 1, 1, 0, 0, 1, 1, 0]	5860.0	4	13.600000000000001
2	[0, 0, 1, 0, 0, 0, 1, 1, 0]	5519.0	3	6.8
2	[0, 0, 1, 1, 0, 1, 0, 1, 0]	8215.0	4	16.8
2	[1, 0, 0, 1, 1, 0, 1, 1, 0]	2368.0	5	9.0
2	[0, 0, 0, 1, 1, 0, 1, 1, 0]	5915.0	4	12.600000000000001
2	[1, 1, 0, 1, 1, 1, 0, 0, 0]	2211.0	5	8.8
2	[0, 0, 1, 0, 0, 0, 1, 0, 1]	7472.0	3	12.6
2	[0, 0, 1, 0, 1, 0, 1, 0, 0]	8536.0	3	16.4
2	[0, 0, 1, 0, 0, 0, 1, 1, 0]	4097.0	3	8.2
2	[1, 0, 0, 1, 0, 0, 0, 1, 0]	2789.0	3	8.0
2	[0, 0, 1, 1, 0, 1, 1, 0, 0]	8463.0	4	19.4
2	[0, 1, 1, 1, 0, 1, 1, 1, 1]	6390.0	7	20.200000000000003
2	[1, 0, 0, 1, 1, 0, 1, 1, 0]	2606.0	5	12.600000000000001
2	[0, 0, 1, 1, 0, 0, 1, 1, 0]	6180.0	4	15.2
2	[1, 0, 0, 1, 1, 1, 0, 1, 0]	2373.0	5	12.4
2	[0, 0, 1, 0, 0, 0, 0, 1, 0]	7227.0	2	10.0
3	[0, 0, 1, 0, 0, 0, 1, 1, 0]	8302.0	3	16.4
3	[1, 0, 0, 1, 0, 0, 0, 1, 0]	2097.0	3	3.2
3	[0, 0, 1, 0, 0, 0, 1, 1, 0]	8019.0	3	17.0
3	[1, 1, 0, 1, 1, 1, 0, 0, 0]	2626.0	5	14.0
3	[1, 0, 0, 1, 1, 0, 1, 1, 0]	2333.0	5	11.8
3	[0, 0, 1, 0, 0, 0, 0, 1, 0]	6958.0	2	11.0
3	[0, 0, 0, 0, 0, 0, 1, 1, 0]	6384.0	2	9.8
3	[1, 1, 0, 1, 1, 1, 0, 0, 0]	2246.0	5	11.600000000000001
3	[1, 0, 0, 0, 1, 0, 1, 1, 0]	6831.0	4	16.4
3	[0, 0, 1, 1, 0, 0, 0, 1, 0]	6028.0	3	12.8
3	[1, 1, 0, 1, 0, 0, 1, 1, 0]	2410.0	5	14.4
3	[1, 0, 0, 1, 1, 1, 0, 0, 0]	2511.0	4	12.2
3	[0, 0, 1, 0, 1, 0, 1, 1, 1]	7790.0	5	23.200000000000003
3	[1, 1, 0, 1, 0, 0, 0, 0, 0]	2098.0	3	6.6000000000000005
3	[0, 0, 0, 0, 0, 0, 1, 1, 0]	5706.0	2	8.6
4	[1, 0, 0, 1, 0, 0, 0, 1, 0]	2482.0	3	6.800000000000001
4	[1, 1, 0, 1, 0, 0, 0, 0, 0]	3230.0	3	9.600000000000001
4	[0, 0, 0, 0, 0, 0, 1, 1, 0]	6682.0	2	8.8
4	[0, 0, 0, 0, 0, 0, 1, 1, 0]	7936.0	2	12.6
4	[0, 0, 1, 0, 0, 0, 0, 1, 0]	5852.0	2	8.4
4	[1, 1, 0, 1, 1, 1, 0, 0, 0]	2097.0	5	9.600000000000001
4	[1, 1, 1, 0, 0, 0, 1, 1, 1]	6980.0	6	20.200000000000003
4	[0, 0, 0, 1, 0, 0, 1, 1, 0]	8999.0	3	19.4
4	[1, 1, 0, 0, 0, 0, 0, 1, 0]	8823.0	3	19.2
4	[0, 0, 1, 0, 0, 0, 0, 0, 0]	9646.0	1	14.0
4	[0, 0, 0, 1, 0, 0, 0, 1, 0]	7137.0	2	13.2
4	[0, 0, 1, 0, 0, 0, 0, 1, 0]	6221.0	2	11.0
4	[1, 0, 0, 1, 0, 0, 0, 1, 0]	3453.0	3	13.0
4	[1, 1, 0, 1, 0, 0, 1, 1, 0]	2510.0	5	13.4
4	[1, 0, 0, 1, 0, 0, 1, 1, 0]	2218.0	4	9.8
5	[1, 0, 0, 1, 0, 0, 0, 1, 0]	1990.0	3	3.2
5	[0, 0, 1, 0, 0, 0, 0, 1, 0]	6078.0	2	12.0
5	[0, 0, 0, 0, 0, 0, 1, 1, 0]	6094.0	2	13.8
5	[1, 1, 0, 1, 0, 0, 0, 0, 0]	2264.0	3	8.0
5	[1, 1, 0, 1, 1, 1, 0, 0, 0]	2514.0	5	15.600000000000001
5	[1, 0, 0, 1, 0, 0, 1, 1, 0]	3361.0	4	16.4
5	[0, 0, 1, 0, 0, 0, 0, 1, 0]	7279.0	2	15.6
5	[1, 0, 0, 1, 0, 0, 0, 1, 0]	2546.0	3	12.8
5	[0, 0, 1, 0, 0, 0, 0, 1, 0]	4870.0	2	13.4
5	[1, 1, 0, 1, 1, 0, 0, 0, 1]	2533.0	5	17.4
5	[1, 0, 0, 1, 1, 1, 1, 0, 1]	2017.0	6	12.200000000000001
5	[1, 1, 0, 1, 0, 0, 0, 1, 0]	2468.0	4	12.2
5	[1, 0, 0, 1, 0, 0, 0, 1, 0]	2074.0	3	7.6000000000000005
5	[1, 1, 0, 1, 1, 0, 0, 0, 0]	2838.0	4	17.0
5	[1, 0, 0, 1, 0, 1, 0, 1, 0]	2221.0	4	11.8
6	[1, 0, 0, 1, 0, 0, 0, 1, 0]	2144.0	3	6.6
6	[1, 0, 0, 1, 0, 0, 0, 1, 0]	1961.0	3	3.4000000000000004
6	[1, 1, 0, 1, 0, 0, 0, 0, 0]	2299.0	3	11.2
6	[1, 0, 0, 1, 0, 1, 0, 1, 0]	1902.0	4	9.600000000000001
6	[0, 0, 1, 0, 0, 0, 0, 1, 0]	5404.0	2	12.0
6	[1, 1, 0, 1, 0, 0, 0, 1, 0]	2095.0	4	13.4
6	[1, 0, 0, 1, 0, 0, 0, 1, 0]	2326.0	3	13.0
6	[1, 0, 0, 1, 0, 0, 0, 1, 0]	2272.0	3	11.8
6	[1, 0, 0, 1, 0, 0, 0, 1, 0]	1994.0	3	7.6000000000000005
6	[1, 0, 0, 1, 0, 0, 0, 1, 0]	2239.0	3	12.4
6	[1, 0, 0, 1, 0, 0, 0, 1, 0]	2579.0	3	18.2
6	[1, 1, 0, 1, 1, 0, 0, 1, 0]	2102.0	5	15.200000000000001
6	[0, 0, 1, 0, 0, 0, 0, 1, 0]	6328.0	2	13.8
6	[1, 0, 0, 1, 0, 0, 0, 1, 0]	2382.0	3	18.0
6	[0, 0, 0, 1, 0, 1, 0, 1, 0]	8340.0	3	22.8
7	[1, 0, 0, 1, 0, 0, 0, 1, 0]	2525.0	3	10.8
7	[1, 0, 0, 1, 0, 0, 0, 1, 0]	2107.0	3	4.6
7	[1, 0, 0, 1, 0, 0, 0, 1, 0]	2095.0	3	3.4000000000000004
7	[1, 0, 0, 1, 0, 1, 0, 1, 0]	2227.0	4	14.600000000000001
7	[1, 1, 0, 1, 0, 0, 0, 0, 0]	2264.0	3	10.2
7	[1, 0, 0, 1, 0, 0, 0, 1, 0]	2235.0	3	10.0
7	[1, 1, 0, 1, 0, 0, 0, 0, 0]	2446.0	3	12.8
7	[1, 1, 0, 1, 1, 0, 0, 1, 1]	4182.0	6	22.200000000000003
7	[1, 0, 0, 1, 0, 0, 1, 1, 0]	2001.0	4	10.4
7	[0, 1, 0, 1, 0, 0, 0, 1, 0]	7455.0	3	19.6
7	[1, 0, 0, 1, 0, 0, 0, 1, 0]	2097.0	3	8.4
7	[0, 0, 0, 0, 0, 0, 0, 0, 0]	7405.0	0	13.0
7	[1, 0, 0, 1, 0, 0, 0, 1, 0]	2153.0	3	11.2
7	[0, 0, 0, 1, 0, 1, 0, 1, 0]	5690.0	3	20.0
7	[1, 0, 0, 1, 0, 0, 0, 1, 0]	2508.0	3	17.8
8	[1, 0, 0, 1, 0, 0, 0, 1, 0]	3156.0	3	14.0
8	[1, 0, 0, 1, 0, 0, 0, 1, 0]	3091.0	3	13.8
8	[1, 0, 0, 1, 0, 0, 0, 1, 0]	2350.0	3	3.6
8	[1, 0, 0, 1, 0, 0, 0, 1, 0]	2454.0	3	8.4
8	[1, 1, 0, 1, 0, 0, 0, 0, 0]	2087.0	3	3.2
8	[1, 0, 0, 1, 0, 0, 1, 1, 0]	2752.0	4	20.6
8	[1, 0, 1, 1, 0, 0, 0, 1, 0]	2707.0	4	18.4
8	[1, 0, 0, 1, 0, 0, 1, 1, 0]	2849.0	4	23.200000000000003
8	[1, 0, 0, 1, 0, 0, 0, 1, 0]	2707.0	3	13.0
8	[1, 0, 0, 1, 0, 0, 0, 1, 0]	2442.0	3	9.8
8	[1, 0, 0, 1, 0, 0, 0, 1, 0]	2222.0	3	6.6000000000000005
8	[1, 0, 0, 1, 0, 0, 0, 1, 0]	2420.0	3	10.4
8	[1, 0, 0, 1, 0, 0, 0, 1, 0]	2748.0	3	17.2
8	[1, 0, 0, 1, 0, 0, 0, 1, 0]	2383.0	3	11.0
8	[1, 0, 0, 1, 0, 0, 0, 1, 0]	2600.0	3	15.8
9	[1, 1, 0, 1, 0, 0, 0, 0, 0]	2578.0	3	9.6
9	[1, 0, 0, 1, 0, 0, 0, 1, 0]	3603.0	3	15.4
9	[1, 0, 0, 1, 0, 0, 0, 1, 0]	2171.0	3	5.2
9	[1, 0, 0, 1, 0, 0, 0, 1, 0]	2715.0	3	15.0
9	[1, 0, 0, 1, 0, 0, 0, 1, 0]	2190.0	3	7.800000000000001
9	[1, 0, 0, 1, 0, 0, 0, 1, 0]	2101.0	3	5.6000000000000005
9	[1, 0, 0, 1, 0, 0, 0, 0, 0]	3196.0	2	12.0
9	[1, 1, 1, 1, 0, 0, 0, 1, 0]	2530.0	5	18.200000000000003
9	[1, 0, 1, 1, 0, 0, 0, 1, 0]	2328.0	4	13.8
9	[1, 1, 0, 1, 0, 0, 0, 0, 0]	2407.0	3	12.4
9	[1, 0, 0, 1, 0, 1, 0, 1, 0]	2246.0	4	13.600000000000001
9	[0, 0, 0, 1, 0, 1, 0, 1, 0]	7464.0	3	21.2
9	[1, 1, 0, 1, 0, 0, 0, 1, 0]	2663.0	4	19.4
9	[1, 0, 0, 1, 0, 0, 0, 0, 0]	2161.0	2	1.8
9	[1, 0, 0, 1, 0, 0, 0, 1, 0]	2669.0	3	18.0
10	[1, 0, 0, 1, 0, 0, 0, 0, 0]	2117.0	2	1.0
10	[1, 0, 0, 1, 0, 0, 0, 1, 0]	2906.0	3	15.0
10	[1, 0, 0, 1, 0, 0, 0, 1, 0]	2415.0	3	10.8
10	[1, 0, 0, 1, 0, 0, 0, 1, 0]	2610.0	3	15.600000000000001
10	[1, 1, 0, 1, 0, 0, 0, 0, 0]	1995.0	3	6.4
10	[1, 0, 0, 1, 0, 0, 0, 0, 0]	2133.0	2	2.8
10	[1, 0, 0, 1, 0, 0, 0, 1, 0]	2427.0	3	14.2
10	[1, 0, 0, 1, 0, 1, 0, 0, 0]	2441.0	3	16.0
10	[1, 0, 0, 1, 0, 0, 0, 1, 0]	3182.0	3	21.8
10	[1, 1, 0, 1, 0, 0, 0, 0, 0]	2947.0	3	21.6
10	[1, 0, 0, 1, 0, 0, 0, 0, 0]	2282.0	2	4.6
10	[1, 0, 0, 1, 0, 0, 0, 0, 0]	2322.0	2	6.4
10	[1, 0, 0, 1, 0, 0, 0, 0, 0]	2372.0	2	8.2
10	[1, 1, 0, 1, 0, 0, 0, 0, 0]	2494.0	3	19.4
10	[0, 0, 0, 1, 0, 0, 0, 1, 1]	9623.0	3	25.200000000000003
11	[1, 0, 0, 1, 0, 0, 0, 0, 0]	1995.0	2	2.8
11	[1, 0, 0, 1, 0, 0, 0, 0, 0]	1987.0	2	2.6
11	[1, 0, 0, 1, 0, 0, 0, 0, 0]	4164.0	2	14.4
11	[1, 1, 0, 1, 0, 0, 0, 0, 0]	2637.0	3	18.4
11	[1, 0, 0, 1, 0, 0, 0, 0, 0]	3568.0	2	13.2
11	[1, 0, 0, 1, 0, 0, 0, 0, 0]	3620.0	2	15.0
11	[1, 0, 0, 1, 0, 0, 0, 0, 0]	2178.0	2	8.8
11	[1, 0, 0, 1, 0, 0, 0, 0, 0]	2652.0	2	14.600000000000001
11	[0, 0, 0, 1, 0, 0, 0, 0, 0]	7786.0	1	14.0
11	[1, 0, 0, 1, 0, 0, 0, 0, 0]	2329.0	2	12.4
11	[1, 0, 0, 1, 0, 0, 0, 1, 0]	4423.0	3	24.200000000000003
11	[1, 0, 0, 1, 0, 0, 0, 0, 0]	2146.0	2	10.2
11	[1, 0, 0, 1, 0, 0, 0, 0, 0]	2628.0	2	15.0
11	[1, 0, 0, 1, 0, 0, 0, 0, 0]	2195.0	2	13.8
11	[1, 0, 0, 1, 0, 0, 0, 0, 0]	1931.0	2	9.600000000000001
12	[1, 0, 0, 1, 0, 0, 0, 0, 0]	1951.0	2	1.6
12	[1, 0, 0, 1, 0, 0, 0, 0, 0]	2316.0	2	8.4
12	[1, 0, 0, 1, 0, 0, 0, 0, 0]	2729.0	2	14.2
12	[1, 0, 0, 1, 0, 0, 0, 0, 0]	2439.0	2	12.0
12	[1, 0, 0, 1, 0, 0, 0, 0, 0]	3032.0	2	16.8
12	[1, 0, 0, 1, 0, 0, 0, 0, 0]	2254.0	2	10.600000000000001
12	[1, 0, 0, 1, 0, 0, 1, 0, 0]	1976.0	3	12.200000000000001
12	[1, 0, 0, 1, 0, 0, 0, 0, 0]	2374.0	2	13.4
12	[1, 0, 0, 1, 0, 0, 0, 0, 0]	2155.0	2	10.2
12	[1, 0, 0, 1, 0, 0, 0, 0, 0]	2485.0	2	18.0
12	[0, 0, 0, 1, 0, 0, 0, 0, 0]	7159.0	1	13.0
12	[1, 0, 0, 1, 0, 0, 0, 0, 0]	2042.0	2	10.8
12	[0, 0, 0, 1, 0, 0, 0, 0, 0]	7439.0	1	14.8
12	[1, 0, 0, 1, 0, 0, 0, 0, 0]	2251.0	2	13.600000000000001
12	[1, 0, 0, 1, 0, 0, 0, 0, 0]	2458.0	2	19.4
13	[1, 0, 0, 1, 0, 0, 0, 0, 0]	2644.0	2	9.6
13	[1, 0, 0, 1, 0, 0, 0, 0, 0]	2245.0	2	4.4
13	[1, 0, 0, 1, 0, 0, 0, 0, 0]	2759.0	2	12.2
13	[1, 0, 0, 1, 0, 0, 0, 0, 0]	2326.0	2	8.0
13	[1, 0, 0, 1, 0, 0, 0, 0, 0]	4060.0	2	15.8
13	[1, 0, 0, 1, 0, 0, 0, 0, 0]	2525.0	2	11.600000000000001
13	[1, 0, 0, 1, 0, 0, 0, 0, 0]	2496.0	2	11.4
13	[0, 1, 0, 1, 0, 0, 0, 0, 0]	7017.0	2	21.2
13	[1, 0, 0, 1, 0, 0, 1, 0, 0]	3238.0	3	20.4
13	[1, 0, 0, 1, 0, 0, 0, 0, 0]	2557.0	2	15.0
13	[1, 0, 0, 1, 0, 1, 0, 0, 0]	1992.0	3	11.200000000000001
13	[1, 0, 0, 1, 0, 0, 0, 0, 0]	2264.0	2	11.8
13	[1, 0, 0, 0, 0, 0, 0, 0, 0]	6916.0	1	13.0
13	[1, 0, 0, 1, 0, 0, 0, 0, 0]	2081.0	2	10.600000000000001
13	[1, 0, 0, 0, 0, 0, 0, 0, 0]	6499.0	1	12.8
14	[1, 0, 0, 1, 0, 0, 0, 0, 0]	2029.0	2	1.0
14	[1, 0, 0, 1, 0, 0, 0, 0, 0]	2939.0	2	13.8
14	[1, 0, 0, 1, 0, 0, 0, 0, 0]	2936.0	2	13.6
14	[1, 0, 0, 1, 0, 0, 0, 0, 0]	3683.0	2	16.4
14	[1, 0, 0, 1, 0, 1, 0, 0, 0]	2366.0	3	13.2
14	[1, 0, 0, 1, 0, 0, 0, 0, 0]	2256.0	2	7.2
14	[1, 0, 0, 1, 0, 0, 0, 1, 0]	2876.0	3	18.0
14	[1, 0, 0, 1, 0, 0, 0, 0, 0]	2900.0	2	15.0
14	[1, 0, 0, 1, 0, 0, 0, 1, 0]	2303.0	3	13.8
14	[1, 0, 0, 1, 0, 0, 0, 0, 0]	2216.0	2	7.800000000000001
14	[1, 0, 0, 1, 0, 0, 0, 0, 0]	2721.0	2	13.600000000000001
14	[1, 0, 0, 1, 0, 0, 1, 0, 0]	2105.0	3	11.600000000000001
14	[1, 0, 1, 1, 0, 0, 0, 0, 0]	1950.0	3	10.4
14	[1, 0, 0, 1, 0, 0, 0, 0, 0]	2575.0	2	13.4
14	[1, 1, 0, 1, 0, 0, 0, 0, 0]	2806.0	3	20.200000000000003
15	[1, 0, 0, 1, 0, 0, 0, 0, 0]	3874.0	2	14.0
15	[1, 0, 0, 1, 0, 0, 0, 0, 0]	3152.0	2	12.8
15	[1, 0, 0, 1, 0, 0, 0, 0, 0]	2760.0	2	10.6
15	[1, 0, 1, 1, 0, 0, 0, 0, 0]	2575.0	3	12.600000000000001
15	[1, 0, 0, 1, 0, 0, 1, 0, 0]	2213.0	3	11.4
15	[1, 0, 0, 1, 0, 1, 0, 0, 0]	2114.0	3	10.2
15	[1, 0, 0, 1, 0, 0, 1, 0, 0]	3053.0	3	19.0
15	[1, 0, 0, 1, 0, 0, 0, 0, 0]	2716.0	2	10.4
15	[1, 0, 0, 1, 0, 0, 0, 0, 0]	2564.0	2	9.2
15	[1, 0, 0, 1, 0, 1, 1, 1, 0]	2048.0	5	12.200000000000001
15	[1, 0, 0, 1, 0, 0, 1, 0, 0]	2899.0	3	18.8
15	[1, 0, 0, 1, 0, 0, 0, 0, 0]	2070.0	2	6.0
15	[1, 0, 1, 1, 0, 1, 0, 0, 0]	3204.0	4	23.4
15	[1, 0, 1, 1, 0, 0, 0, 0, 0]	2003.0	3	9.600000000000001
15	[1, 0, 0, 1, 0, 0, 0, 0, 0]	2208.0	2	8.8
16	[1, 0, 0, 1, 0, 0, 0, 0, 0]	4867.0	2	12.8
16	[1, 0, 0, 1, 0, 0, 0, 0, 0]	2736.0	2	11.6
16	[1, 0, 0, 1, 0, 0, 0, 0, 0]	2242.0	2	7.4
16	[1, 0, 1, 1, 0, 0, 0, 0, 0]	2146.0	3	8.2
16	[1, 0, 0, 1, 0, 1, 0, 0, 0]	2663.0	3	17.0
16	[1, 0, 0, 1, 0, 0, 0, 0, 0]	2635.0	2	11.2
16	[1, 0, 1, 1, 0, 1, 0, 0, 0]	2200.0	4	12.4
16	[1, 0, 0, 1, 0, 1, 0, 1, 0]	2529.0	4	18.200000000000003
16	[1, 0, 0, 1, 0, 0, 0, 0, 0]	2212.0	2	8.0
16	[0, 0, 1, 1, 0, 0, 0, 0, 0]	8623.0	2	18.8
16	[1, 0, 1, 1, 0, 0, 0, 0, 0]	2350.0	3	14.8
16	[1, 0, 0, 1, 0, 0, 1, 0, 0]	2094.0	3	9.600000000000001
16	[1, 0, 0, 1, 0, 0, 0, 0, 0]	2205.0	2	8.600000000000001
16	[0, 0, 0, 1, 0, 0, 0, 0, 0]	7630.0	1	13.0
16	[1, 0, 0, 1, 0, 0, 0, 0, 0]	4429.0	2	17.4
17	[1, 0, 0, 1, 0, 0, 0, 0, 0]	2294.0	2	4.0
17	[1, 0, 0, 1, 0, 0, 0, 0, 0]	2328.0	2	6.8
17	[1, 0, 1, 1, 0, 0, 0, 0, 0]	2584.0	3	17.8
17	[1, 0, 0, 1, 0, 0, 0, 0, 0]	2531.0	2	9.6
17	[1, 0, 0, 1, 0, 0, 1, 0, 0]	3019.0	3	20.6
17	[1, 0, 0, 1, 0, 0, 0, 0, 0]	1986.0	2	2.4000000000000004
17	[1, 0, 0, 1, 0, 0, 0, 0, 0]	2312.0	2	8.2
17	[1, 0, 0, 1, 0, 0, 0, 0, 0]	2006.0	2	6.0
17	[1, 0, 1, 1, 0, 0, 0, 0, 0]	3321.0	3	22.4
17	[1, 0, 0, 1, 1, 0, 0, 0, 0]	1997.0	3	12.200000000000001
17	[1, 0, 0, 1, 0, 0, 0, 0, 0]	3417.0	2	17.8
17	[1, 0, 0, 1, 0, 0, 0, 0, 0]	2228.0	2	8.600000000000001
17	[1, 0, 0, 1, 0, 0, 0, 0, 0]	3840.0	2	20.4
17	[1, 0, 0, 1, 0, 0, 0, 0, 0]	2917.0	2	17.2
17	[1, 0, 0, 1, 0, 0, 0, 0, 0]	2481.0	2	15.0
18	[1, 0, 0, 1, 0, 0, 0, 0, 0]	2266.0	2	5.8
18	[1, 0, 0, 1, 0, 0, 0, 0, 0]	2929.0	2	13.6
18	[1, 0, 0, 1, 0, 0, 0, 0, 0]	2312.0	2	8.4
18	[1, 0, 0, 1, 0, 0, 0, 0, 0]	2053.0	2	4.2
18	[1, 0, 0, 1, 0, 0, 0, 0, 0]	2238.0	2	8.0
18	[1, 0, 0, 1, 0, 0, 0, 0, 0]	2419.0	2	12.8
18	[1, 0, 0, 1, 0, 0, 0, 0, 0]	2317.0	2	12.600000000000001
18	[1, 0, 0, 1, 0, 0, 0, 0, 0]	2191.0	2	8.4
18	[1, 0, 0, 1, 0, 0, 0, 0, 0]	2670.0	2	18.2
18	[1, 0, 0, 1, 0, 0, 0, 0, 0]	1980.0	2	8.0
18	[1, 0, 0, 1, 0, 0, 0, 0, 0]	3407.0	2	21.8
18	[0, 0, 0, 1, 0, 0, 0, 0, 0]	5356.0	1	14.0
18	[1, 0, 0, 1, 0, 0, 0, 0, 0]	2436.0	2	18.6
18	[1, 0, 0, 1, 0, 0, 0, 0, 0]	2233.0	2	13.4
18	[1, 0, 0, 1, 0, 0, 0, 0, 0]	2487.0	2	21.200000000000003
19	[1, 0, 0, 1, 0, 0, 0, 0, 0]	2029.0	2	0.8
19	[1, 0, 0, 1, 0, 0, 0, 0, 0]	4698.0	2	14.6
19	[1, 0, 0, 1, 0, 0, 0, 0, 0]	2521.0	2	11.4
19	[1, 0, 0, 1, 0, 0, 0, 0, 0]	2366.0	2	10.2
19	[1, 0, 0, 1, 0, 0, 0, 0, 0]	2229.0	2	8.0
19	[1, 0, 0, 1, 0, 0, 0, 0, 0]	2692.0	2	15.8
19	[1, 0, 0, 1, 1, 0, 0, 0, 0]	2511.0	3	19.200000000000003
19	[1, 0, 0, 1, 0, 0, 0, 0, 0]	2207.0	2	7.6000000000000005
19	[1, 0, 0, 1, 0, 0, 0, 0, 0]	2351.0	2	12.4
19	[1, 0, 0, 1, 0, 0, 0, 0, 0]	2258.0	2	12.2
19	[1, 0, 0, 0, 0, 0, 0, 0, 0]	10730.0	1	14.0
19	[1, 0, 0, 1, 0, 0, 0, 0, 0]	2069.0	2	9.0
19	[1, 0, 0, 1, 0, 0, 0, 0, 0]	2226.0	2	11.8
19	[1, 0, 0, 1, 0, 0, 0, 0, 0]	2796.0	2	21.6
19	[1, 0, 0, 1, 0, 0, 0, 0, 0]	2546.0	2	20.4
20	[1, 0, 0, 1, 0, 0, 0, 0, 0]	2740.0	2	10.0
20	[1, 0, 0, 1, 0, 0, 0, 0, 0]	2826.0	2	13.8
20	[1, 0, 0, 1, 0, 0, 0, 0, 0]	2244.0	2	5.6
20	[1, 0, 0, 1, 0, 0, 0, 0, 0]	2204.0	2	5.4
20	[1, 0, 0, 1, 0, 0, 0, 0, 0]	2474.0	2	10.2
20	[1, 0, 0, 1, 0, 0, 0, 0, 0]	2515.0	2	13.0
20	[1, 0, 0, 1, 0, 1, 0, 0, 0]	2073.0	3	9.8
20	[1, 0, 0, 1, 0, 0, 0, 0, 0]	2360.0	2	9.8
20	[1, 0, 0, 1, 0, 0, 0, 0, 0]	2509.0	2	13.600000000000001
20	[1, 0, 0, 0, 1, 0, 0, 0, 0]	5524.0	2	20.4
20	[1, 0, 1, 1, 0, 0, 0, 0, 0]	2150.0	3	11.600000000000001
20	[1, 0, 0, 1, 0, 0, 0, 0, 0]	1968.0	2	7.2
20	[1, 0, 0, 1, 0, 0, 0, 0, 0]	2790.0	2	19.0
20	[1, 1, 0, 1, 0, 0, 0, 0, 0]	2825.0	3	22.4
20	[1, 0, 0, 1, 0, 0, 1, 0, 0]	2400.0	3	17.200000000000003
21	[1, 0, 0, 1, 0, 0, 0, 0, 0]	3926.0	2	14.0
21	[1, 0, 0, 1, 0, 0, 0, 0, 0]	2066.0	2	1.8
21	[1, 0, 0, 1, 0, 0, 0, 0, 0]	2340.0	2	8.6
21	[1, 0, 0, 1, 0, 1, 0, 0, 0]	2302.0	3	15.600000000000001
21	[1, 0, 0, 1, 0, 0, 0, 0, 0]	2120.0	2	5.4
21	[1, 0, 0, 1, 0, 0, 0, 0, 0]	2712.0	2	15.2
21	[1, 0, 0, 1, 0, 1, 0, 0, 0]	2292.0	3	14.4
21	[1, 0, 0, 1, 0, 0, 0, 0, 0]	2516.0	2	13.0
21	[1, 0, 0, 1, 0, 0, 0, 0, 0]	2608.0	2	15.8
21	[1, 0, 1, 1, 0, 0, 0, 0, 0]	2741.0	3	24.200000000000003
21	[1, 0, 0, 1, 0, 0, 0, 0, 0]	1978.0	2	5.6000000000000005
21	[1, 0, 0, 1, 0, 0, 0, 0, 0]	2352.0	2	14.4
21	[1, 0, 0, 1, 0, 0, 0, 0, 0]	2299.0	2	12.2
21	[1, 0, 0, 1, 0, 0, 0, 0, 0]	2551.0	2	18.0
21	[1, 0, 0, 1, 0, 0, 0, 0, 0]	2086.0	2	10.8
22	[1, 0, 0, 1, 0, 0, 0, 0, 0]	2913.0	2	10.0
22	[1, 0, 0, 1, 0, 0, 0, 0, 0]	2756.0	2	8.8
22	[1, 0, 0, 1, 0, 0, 0, 0, 0]	3024.0	2	12.6
22	[1, 0, 0, 1, 0, 0, 0, 0, 0]	1998.0	2	2.4000000000000004
22	[1, 0, 0, 1, 0, 0, 0, 0, 0]	2104.0	2	5.2
22	[1, 0, 0, 1, 0, 0, 0, 0, 0]	2726.0	2	11.0
22	[1, 0, 0, 1, 0, 0, 0, 0, 0]	3406.0	2	17.8
22	[1, 0, 0, 1, 0, 0, 0, 0, 0]	3362.0	2	17.6
22	[1, 0, 0, 1, 0, 0, 0, 0, 0]	2038.0	2	7.4
22	[1, 0, 0, 1, 0, 0, 0, 0, 0]	2410.0	2	12.2
22	[1, 0, 0, 1, 0, 0, 0, 0, 0]	3456.0	2	22.0
22	[1, 1, 0, 1, 0, 0, 0, 0, 0]	2594.0	3	16.4
22	[1, 0, 0, 1, 0, 0, 0, 0, 0]	2282.0	2	12.8
22	[1, 0, 1, 1, 0, 0, 0, 1, 0]	2196.0	4	14.200000000000001
22	[1, 0, 0, 1, 0, 0, 0, 0, 0]	2906.0	2	18.6
23	[1, 0, 0, 1, 0, 0, 0, 0, 0]	2538.0	2	11.0
23	[1, 0, 0, 1, 0, 0, 0, 0, 0]	2168.0	2	4.8
23	[1, 0, 0, 1, 0, 0, 0, 0, 0]	2833.0	2	14.6
23	[1, 0, 0, 1, 0, 0, 0, 0, 0]	1983.0	2	2.4000000000000004
23	[1, 0, 0, 1, 0, 0, 0, 0, 0]	3235.0	2	17.2
23	[1, 0, 0, 1, 0, 0, 0, 0, 0]	2501.0	2	14.0
23	[1, 0, 0, 1, 0, 0, 1, 0, 0]	2578.0	3	21.6
23	[1, 0, 0, 1, 0, 0, 0, 0, 0]	2055.0	2	5.800000000000001
23	[1, 0, 0, 1, 0, 0, 0, 0, 0]	2060.0	2	7.6000000000000005
23	[1, 0, 0, 1, 0, 0, 0, 0, 0]	2325.0	2	15.4
23	[1, 0, 1, 1, 0, 0, 0, 1, 0]	2271.0	4	17.200000000000003
23	[1, 0, 0, 1, 0, 0, 0, 0, 0]	2310.0	2	14.2
23	[1, 0, 0, 1, 1, 0, 0, 0, 0]	2317.0	3	18.4
23	[1, 0, 0, 1, 0, 0, 0, 0, 0]	2103.0	2	11.0
23	[1, 0, 0, 1, 0, 0, 0, 0, 0]	2245.0	2	13.8
24	[1, 0, 0, 1, 0, 0, 0, 0, 0]	2540.0	2	12.0
24	[1, 0, 0, 1, 0, 0, 0, 0, 0]	1877.0	2	0.8
24	[1, 0, 0, 1, 0, 0, 0, 0, 0]	2432.0	2	10.6
24	[1, 0, 0, 1, 0, 0, 0, 0, 0]	2200.0	2	6.4
24	[1, 0, 0, 1, 0, 0, 0, 0, 0]	2346.0	2	10.2
24	[1, 0, 0, 1, 0, 0, 0, 0, 0]	2220.0	2	9.0
24	[1, 0, 0, 1, 0, 0, 0, 0, 0]	1948.0	2	6.800000000000001
24	[1, 0, 0, 1, 0, 0, 0, 0, 0]	2522.0	2	16.6
24	[1, 0, 0, 1, 0, 0, 0, 0, 0]	3457.0	2	20.4
24	[1, 0, 0, 1, 0, 0, 0, 0, 0]	1926.0	2	8.2
24	[1, 0, 0, 1, 0, 0, 0, 0, 0]	2408.0	2	16.0
24	[1, 0, 0, 1, 0, 0, 0, 0, 0]	1998.0	2	11.8
24	[1, 0, 0, 1, 0, 0, 0, 0, 0]	3180.0	2	22.6
24	[1, 0, 0, 1, 0, 0, 0, 0, 0]	2252.0	2	16.4
24	[1, 0, 0, 1, 0, 0, 0, 0, 0]	2506.0	2	21.200000000000003
25	[1, 0, 0, 1, 0, 0, 0, 0, 0]	2151.0	2	2.0
25	[1, 0, 0, 1, 0, 0, 0, 0, 0]	2369.0	2	7.8
25	[1, 0, 0, 1, 0, 0, 0, 0, 0]	2318.0	2	7.6
25	[1, 0, 0, 1, 0, 0, 0, 0, 0]	2603.0	2	13.4
25	[1, 0, 0, 1, 0, 0, 0, 0, 0]	2143.0	2	4.2
25	[1, 0, 0, 1, 0, 0, 0, 0, 0]	2280.0	2	9.0
25	[1, 0, 0, 1, 0, 0, 0, 0, 0]	2205.0	2	7.800000000000001
25	[1, 0, 0, 1, 0, 0, 0, 0, 0]	2434.0	2	14.600000000000001
25	[1, 0, 0, 1, 0, 0, 0, 0, 0]	2709.0	2	18.4
25	[1, 0, 0, 1, 0, 0, 0, 0, 0]	2000.0	2	7.2
25	[1, 0, 0, 1, 0, 0, 0, 0, 0]	3440.0	2	21.0
25	[1, 0, 1, 1, 0, 1, 0, 0, 0]	2259.0	4	15.200000000000001
25	[1, 0, 0, 1, 0, 0, 0, 0, 0]	3642.0	2	22.8
25	[1, 0, 0, 1, 0, 0, 0, 0, 0]	2414.0	2	17.6
25	[1, 0, 0, 1, 0, 0, 0, 0, 0]	2520.0	2	20.4
26	[1, 0, 0, 1, 0, 0, 0, 0, 0]	2296.0	2	11.0
26	[1, 0, 0, 1, 0, 0, 0, 0, 0]	2154.0	2	7.8
26	[1, 0, 0, 1, 0, 0, 0, 0, 0]	2480.0	2	13.6
26	[1, 0, 0, 1, 0, 0, 0, 0, 0]	2179.0	2	10.4
26	[1, 0, 0, 1, 0, 0, 0, 0, 0]	1981.0	2	5.2
26	[1, 0, 0, 1, 0, 0, 0, 0, 0]	2061.0	2	10.0
26	[1, 0, 0, 1, 0, 0, 0, 1, 0]	1994.0	3	14.200000000000001
26	[1, 0, 0, 1, 0, 0, 0, 0, 0]	2049.0	2	9.8
26	[1, 0, 0, 1, 0, 0, 0, 0, 0]	2244.0	2	15.600000000000001
26	[1, 0, 0, 1, 0, 0, 0, 0, 0]	2833.0	2	19.4
26	[1, 0, 0, 1, 0, 0, 0, 0, 0]	1977.0	2	8.2
26	[1, 0, 0, 1, 0, 0, 0, 0, 0]	2194.0	2	17.0
26	[1, 0, 0, 1, 0, 0, 0, 0, 0]	2975.0	2	22.8
26	[1, 0, 0, 1, 0, 0, 0, 0, 0]	1955.0	2	9.600000000000001
26	[1, 0, 0, 1, 0, 0, 0, 0, 0]	2048.0	2	14.4
27	[1, 0, 0, 1, 0, 0, 0, 0, 0]	2158.0	2	3.0
27	[1, 0, 0, 1, 0, 0, 0, 0, 0]	2342.0	2	7.8
27	[1, 0, 0, 1, 0, 0, 0, 0, 0]	2606.0	2	12.6
27	[1, 0, 0, 1, 0, 0, 0, 0, 0]	3654.0	2	15.4
27	[1, 0, 0, 1, 0, 0, 0, 0, 0]	2946.0	2	15.2
27	[1, 0, 0, 1, 0, 0, 0, 0, 0]	2464.0	2	14.0
27	[1, 0, 0, 1, 0, 0, 0, 0, 0]	2016.0	2	4.800000000000001
27	[1, 0, 0, 1, 0, 0, 0, 0, 0]	2454.0	2	14.600000000000001
27	[1, 0, 0, 1, 0, 0, 0, 0, 0]	2094.0	2	8.4
27	[1, 0, 0, 1, 0, 0, 0, 0, 0]	2265.0	2	11.2
27	[1, 0, 0, 1, 0, 0, 0, 0, 0]	2029.0	2	9.0
27	[1, 0, 0, 1, 0, 0, 0, 0, 0]	2418.0	2	16.8
27	[1, 0, 0, 1, 0, 0, 0, 0, 0]	2294.0	2	15.600000000000001
27	[1, 0, 0, 1, 0, 0, 0, 0, 0]	2284.0	2	15.4
27	[1, 0, 0, 1, 0, 0, 0, 0, 0]	4092.0	2	25.200000000000003
28	[1, 0, 0, 1, 0, 0, 0, 0, 0]	2432.0	2	8.0
28	[1, 0, 0, 1, 0, 0, 0, 0, 0]	2206.0	2	3.8
28	[1, 0, 0, 1, 0, 0, 0, 0, 0]	2541.0	2	10.6
28	[1, 0, 0, 1, 0, 0, 0, 0, 0]	1993.0	2	2.4000000000000004
28	[1, 0, 0, 1, 0, 0, 0, 0, 0]	2330.0	2	7.2
28	[1, 0, 0, 1, 0, 0, 0, 0, 0]	2401.0	2	11.0
28	[1, 0, 0, 1, 0, 0, 0, 0, 0]	2620.0	2	15.8
28	[1, 0, 0, 1, 0, 0, 0, 0, 0]	2137.0	2	6.6000000000000005
28	[1, 0, 0, 1, 0, 0, 0, 0, 0]	2339.0	2	11.4
28	[1, 0, 0, 1, 0, 0, 0, 0, 0]	2347.0	2	13.2
28	[1, 0, 0, 1, 0, 0, 0, 0, 0]	3659.0	2	22.0
28	[1, 0, 0, 1, 0, 0, 0, 0, 0]	2172.0	2	10.8
28	[1, 0, 0, 1, 0, 0, 0, 0, 0]	2616.0	2	19.6
28	[1, 0, 0, 1, 0, 0, 0, 0, 0]	2860.0	2	23.4
28	[1, 0, 0, 1, 0, 0, 0, 0, 0]	2741.0	2	23.200000000000003
29	[1, 0, 0, 1, 0, 0, 0, 0, 0]	2421.0	2	7.8
29	[1, 0, 0, 1, 0, 0, 0, 0, 0]	3484.0	2	14.6
29	[1, 0, 0, 1, 0, 0, 0, 0, 0]	2123.0	2	4.4
29	[1, 0, 0, 1, 0, 0, 0, 0, 0]	1907.0	2	3.2
29	[1, 0, 0, 1, 0, 0, 0, 0, 0]	2595.0	2	13.0
29	[1, 0, 0, 1, 0, 0, 0, 0, 0]	2347.0	2	9.8
29	[1, 0, 0, 1, 0, 0, 0, 0, 0]	2133.0	2	8.600000000000001
29	[1, 0, 0, 0, 0, 0, 0, 0, 0]	6178.0	1	14.0
29	[1, 0, 0, 1, 0, 0, 0, 0, 0]	2067.0	2	7.4
29	[1, 0, 0, 1, 0, 0, 0, 0, 0]	3289.0	2	19.2
29	[1, 0, 0, 1, 0, 0, 0, 0, 0]	2827.0	2	18.0
29	[1, 0, 0, 1, 0, 0, 0, 0, 0]	2377.0	2	14.8
29	[1, 0, 0, 1, 0, 0, 0, 0, 0]	2460.0	2	17.6
29	[1, 0, 0, 1, 0, 0, 0, 0, 0]	3204.0	2	21.4
29	[1, 0, 0, 1, 0, 0, 0, 0, 0]	2235.0	2	15.200000000000001
