num_robots	w	run_time	fitness	groups	selected_info_types
5	0	10707	1.0	[]
5	0	13159	1.1027403000083802	[]
5	0	11918	0.9991616364855801	[]
5	0	13480	1.0945112049366676	[]
5	0	18170	1.34724323041789	[]
5	0	14388	1.0550707633643763	[]
5	0	10220	0.7772538623671802	[]
5	0	6865	0.5552690911664493	[]
5	0	5925	0.5086710164835165	[]
5	0	8129	0.7196288984693832	[]
5	1	15277	3.510430605592726	['robot_position_status']
5	1	10848	2.1359389154911352	['robot_position_status']
5	1	4707	1.292215893680499	['robot_position_status']
5	1	16186	2.1164609104945025	['robot_position_status']
5	1	8605	1.3656420538129361	['robot_position_status']
5	1	10450	1.4672341566406382	['robot_position_status']
5	1	10456	1.4237690643305716	['robot_position_status']
5	1	12805	1.5893756642527002	['robot_position_status']
5	1	8442	1.183351022575269	['robot_position_status']
5	1	7189	1.0597652414122227	['robot_position_status']
5	1	4413	0.7986276484434702	['task_progress_status']
5	1	8545	1.1808850620513622	['task_progress_status']
5	1	6674	1.0000125637334234	['task_progress_status']
5	1	19779	2.187504434152215	['task_progress_status']
5	1	5647	0.8701530638112331	['task_progress_status']
5	1	9711	1.250891563835054	['task_progress_status']
5	1	11825	1.4398001587813531	['task_progress_status']
5	1	12474	1.4871348691668296	['task_progress_status']
5	1	13948	1.6061231253484745	['task_progress_status']
5	1	15111	1.690356782486283	['task_progress_status']
5	1	8381	1.0721058778200099	['task_completion_status']
5	1	7844	1.0242545001962786	['task_completion_status']
5	1	6744	0.9246011401299482	['task_completion_status']
5	1	11475	1.3655892189579015	['task_completion_status']
5	1	7870	1.027759707031303	['task_completion_status']
